evaluations raw_y
1 25.3653562694
2 20.4767546981
4 17.1701061817
5000 0.0000000000
evaluations raw_y
1 20.0598115404
2 16.3511449224
4 5.4249669957
5000 0.0000000000
evaluations raw_y
1 14.8668272587
5000 0.0000000000
evaluations raw_y
1 7.8285832138
5000 0.0000000000
evaluations raw_y
1 9.9910892231
5 9.5660121155
12 5.2082490560
5000 6.9503976038
evaluations raw_y
1 6.7510898148
5000 0.0000000000
evaluations raw_y
1 13.4465614112
12 10.2420996419
5000 0.0000000000
evaluations raw_y
1 5.6840192994
5000 0.0000000000
evaluations raw_y
1 29.0795457448
2 20.9954455763
6 14.4183255792
7 11.8590982886
15 8.9639002043
5000 14.7182202508
evaluations raw_y
1 23.4787989794
2 17.8826241967
3 9.2084709290
7 8.7589204324
5000 0.0000000000
evaluations raw_y
1 12.3829902471
4 11.5906300876
5 9.6964793439
6 7.5304270561
18 4.1588819415
5000 0.0000000000
evaluations raw_y
1 17.0861553853
4 8.3540560728
5000 0.0000000000
evaluations raw_y
1 7.8210083825
5000 0.0000000000
evaluations raw_y
1 9.7640644119
5000 0.0000000000
evaluations raw_y
1 19.1225198672
2 16.4651670025
7 9.0207209917
12 6.5839536112
5000 0.0000000000
evaluations raw_y
1 25.6243501746
2 20.4870986686
3 19.9926826441
4 16.1353678677
5 14.5307030334
9 8.5488650786
5000 0.0000000000
evaluations raw_y
1 19.1016850819
3 13.6353035206
9 12.4393713582
10 7.4540463178
5000 0.0000000000
evaluations raw_y
1 8.2287455677
5000 10.6556622845
evaluations raw_y
1 20.1298330933
2 13.0464616904
4 11.0822741116
5000 0.0000000000
evaluations raw_y
1 16.8090349738
2 9.2057961273
5 4.8753215307
5000 0.0000000000
