evaluations raw_y
1 11.0043458287
4 8.3831792119
5000 0.0000000000
evaluations raw_y
1 17.6893847182
5000 7.9971310888
evaluations raw_y
1 18.7758445004
2 13.8651365261
3 13.3991909445
4 13.3154613185
5 11.0855235312
7 10.1021127065
5000 0.0000000000
evaluations raw_y
1 13.6745667569
5000 0.0000000000
evaluations raw_y
1 11.0415856891
4 10.2603909002
5 7.8420543330
5000 0.0000000000
evaluations raw_y
1 13.5819858096
2 10.2149088957
7 4.1241700441
5000 0.0000000000
evaluations raw_y
1 21.9707827906
2 11.2629192484
3 7.4278172602
5 4.7078729963
5000 1.2736068893
evaluations raw_y
1 21.1909002471
2 17.1745274379
3 10.1152742932
13 7.5466683547
5000 0.0000000000
evaluations raw_y
1 11.6809571483
13 11.2247632251
5000 0.0000000000
evaluations raw_y
1 16.7880499760
2 15.0651438595
5000 0.0000000000
evaluations raw_y
1 9.2589100811
10 6.2362863441
5000 0.0000000000
evaluations raw_y
1 16.2821164981
5000 0.0000000000
evaluations raw_y
1 19.0945319967
2 12.7062218606
10 6.9254989547
5000 0.0000000000
evaluations raw_y
1 23.6669088947
2 15.7753045262
3 10.4847266292
4 5.2719423483
5000 0.0000000000
evaluations raw_y
1 22.5647731515
2 20.4270453825
6 17.8358897248
7 10.5054646407
16 5.2753211935
5000 21.0781917580
evaluations raw_y
1 23.1942603640
2 8.8380344189
5000 0.0000000000
evaluations raw_y
1 13.1137293519
2 12.5141014928
6 12.4626220078
8 11.9353908201
13 7.2420253855
5000 0.0000000000
evaluations raw_y
1 8.1964888146
5000 0.0000000000
evaluations raw_y
1 15.9797048245
2 15.7973756961
5 11.9207931068
23 5.8626193022
5000 9.6112872932
evaluations raw_y
1 11.4305394364
5000 0.0000000000
