evaluations raw_y
1 9.8656721586
21 6.5351237320
55 1.6636773815
5000 3.6609394947
evaluations raw_y
1 11.5429652535
2 8.3645617983
3 4.9409971137
37 4.2509275514
48 3.5521238418
203 2.8451420828
551 2.5776757372
973 2.2276908100
3476 1.9240852417
3514 1.7588460948
3588 1.4716676536
3603 1.3811275482
3621 1.3228718142
3629 0.9178415262
3664 0.8734730954
3697 0.8160013995
3766 0.7348833339
3957 0.7273202317
3965 0.7270927502
3970 0.7213947363
3971 0.7055748623
3998 0.7008803811
4010 0.6842334677
4024 0.6831913083
4027 0.6818516222
4033 0.6782231577
4045 0.6676638948
4071 0.6621976177
4113 0.6542380402
4203 0.6360791455
4311 0.6338883780
4360 0.6297736745
4363 0.6282384492
4400 0.6262578433
4409 0.6256418864
4598 0.6223201559
4653 0.6190674522
4708 0.6186796976
4742 0.6172732584
4794 0.6161972616
4807 0.6150164833
4852 0.6147970030
4884 0.6146609072
4952 0.6136940445
4976 0.6134562911
5000 0.6151256517
evaluations raw_y
1 21.6423106554
2 14.7643328307
5 8.3127850965
26 6.6018985966
49 6.9182135275
50 5.2727485289
186 3.9850532834
521 3.5580337126
840 3.0276187425
3013 2.6956264902
3731 2.4412174074
4557 2.0888979481
5000 7.2323298048
evaluations raw_y
1 5.7750918256
133 3.4406002166
869 2.9821855946
2181 2.8211846607
3311 2.3778748209
3485 1.9760034796
5000 7.7555664408
evaluations raw_y
1 6.4969740458
18 5.7621360019
101 3.1304703394
451 3.1502668979
523 1.9718681609
2735 2.2443661420
3033 1.5956747992
3383 1.4089275520
3405 1.3154278396
3418 0.9855423996
3435 0.8933792618
3463 0.8836445049
3476 0.8001831867
3478 0.7902504745
3484 0.7282458385
3557 0.7061444748
3619 0.6769300454
3626 0.5836203936
3663 0.5509496602
3669 0.4389022737
3707 0.4017330738
3732 0.3920985844
3829 0.3801903874
3905 0.3809533541
3933 0.3448150930
3969 0.3384248337
4015 0.3344850089
4025 0.3314554707
4043 0.3197720757
4083 0.2997795853
4105 0.2954156960
4125 0.2846928284
4154 0.2798395099
4192 0.2790430899
4202 0.2791003886
4206 0.2736101918
4216 0.2706972584
4245 0.2692021331
4316 0.2676449952
4365 0.2676132810
4419 0.2675873469
4442 0.2672401298
4461 0.2655366728
4471 0.2632788938
4539 0.2627498711
4581 0.2613886608
4592 0.2592773953
4678 0.2592631325
4808 0.2591645743
4815 0.2589906012
4848 0.2589257915
4921 0.2587940206
5000 0.2608822718
evaluations raw_y
1 23.1333736527
2 16.0907960398
3 8.4269355190
11 8.0591269627
18 5.2751125482
178 4.4093770332
1328 2.8871023046
1887 2.2907119747
5000 17.9267628306
evaluations raw_y
1 8.8368276483
3 8.9949934390
4 7.6729469189
28 7.2562323435
117 6.9106763701
130 5.2457839337
379 3.7255117220
778 3.3538597320
1305 3.0268962593
1442 2.9226077197
3530 1.6109398074
3580 1.2443676290
3647 1.1535574785
3692 1.1425038413
3757 1.1374309394
3811 1.0871750138
3846 1.0382460177
3922 1.0378451935
3923 1.0143615591
3930 0.9679306732
4010 0.9565260313
4034 0.9520589120
4119 0.9502468759
4144 0.9362107014
4196 0.9160132982
4346 0.9155516639
4404 0.9151473736
4415 0.9139054582
4448 0.9133967402
4449 0.9125371445
4456 0.9091811529
4500 0.9079325410
4548 0.9073195759
4641 0.9072058648
4663 0.9070359913
4666 0.9057392168
4696 0.9033750614
4851 0.9019568634
4889 0.9008282500
4961 0.9007852341
4968 0.9006076076
4969 0.9005276714
4985 0.9004079917
5000 0.9013769344
evaluations raw_y
1 13.3306298807
2 11.1090529525
10 11.0330322159
11 3.9069007398
79 2.1882339842
360 1.6020357500
3236 1.5985074700
3273 1.4055904238
3324 1.3587293631
3330 1.2953545080
3337 1.2367330914
3425 1.1346947235
3457 1.1178480903
3473 1.1066067931
3482 1.0215406010
3517 1.0205976055
3522 0.9892485590
3662 0.9858918993
3667 0.9824069872
3697 0.9790393416
3718 0.9769755487
3721 0.9763098757
3726 0.9634983180
3761 0.9587445332
3765 0.9492680261
3793 0.9428808840
3804 0.9397814499
3812 0.9326005764
3833 0.9313252079
3846 0.9273121130
3864 0.9266979699
3868 0.9229780712
3911 0.9207858848
3936 0.9202269704
3938 0.9186814983
3961 0.9181156138
3979 0.9179692838
3980 0.9167952341
3981 0.9155699275
3985 0.9152898708
3999 0.9137538979
4033 0.9103569617
4248 0.9101902508
4325 0.9101680520
4349 0.9100227141
4378 0.9096847177
4407 0.9096728173
4410 0.9095448295
4421 0.9094003760
4429 0.9092388421
4442 0.9092244735
4481 0.9092129330
4482 0.9091448303
4488 0.9088041914
4506 0.9083642876
4594 0.9081238630
4644 0.9079314229
4702 0.9079053765
4723 0.9078391221
4738 0.9078051573
4768 0.9077326751
4783 0.9075238688
4924 0.9075157361
4951 0.9074824196
4994 0.9074815087
5000 0.9075801691
evaluations raw_y
1 22.2070585797
4 17.9903727250
5 16.2791546796
6 9.4155225433
14 6.4043033763
47 4.2896874405
87 4.1891825374
118 3.3598576252
761 2.9752198737
780 2.6078926723
1681 2.3147515558
2386 1.4380891381
4598 1.4244204872
4605 1.4109405129
4621 1.3982203353
4644 1.3955730144
4681 1.3590824154
4699 1.1863631971
4756 1.0291193134
4843 0.9909679241
4857 0.9895318883
4863 0.9563352910
4865 0.9122106110
4874 0.8794690058
5000 1.0179865333
evaluations raw_y
1 6.2486566941
3 2.8321928109
317 1.8331382503
5000 1.9077925957
evaluations raw_y
1 11.3980442284
6 9.7935284629
10 8.0203616947
23 6.9085567240
30 5.3926070238
43 2.8134571360
988 2.5116127937
2200 2.3856151106
2253 2.2269529439
4930 1.5082501566
5000 5.3335993605
evaluations raw_y
1 18.8615688255
2 14.4020193930
4 7.9026312252
6 6.7621013748
65 6.4869973833
68 6.5099619804
92 5.6879013913
102 5.1594938296
115 5.0810631823
150 2.8090388488
460 1.0151164198
608 1.8066648543
1701 0.8720532111
1932 0.8562253630
2047 0.8493066647
2070 0.8192295507
2122 0.8188927506
2161 0.7524647918
2178 0.7004557464
2196 0.6914626521
2271 0.6558325429
2272 0.6428576480
2282 0.6310090794
2283 0.6129624213
2303 0.6104388207
2326 0.6011265140
2343 0.5810082394
2410 0.5766127054
2500 0.5691813704
2537 0.5572890217
2572 0.5549029611
2579 0.5521610553
2583 0.5472734571
2683 0.5459965714
2698 0.5423503155
2831 0.5414341041
2845 0.5382603654
2849 0.5376570273
2978 0.5372137937
3019 0.5357610028
3082 0.5356377989
3122 0.5354934042
3143 0.5349369666
3145 0.5348686183
3165 0.5347868807
3179 0.5329314202
3183 0.5318013729
3204 0.5305228431
3359 0.5298627344
3396 0.5297035852
3519 0.5295831573
3522 0.5292822875
3573 0.5292346338
3685 0.5292128913
3718 0.5291878800
3748 0.5291312748
3750 0.5290478286
3817 0.5290182485
3849 0.5289634972
3862 0.5289408811
3863 0.5289373920
3920 0.5289188188
3932 0.5289149644
3942 0.5289075418
3969 0.5289068279
3987 0.5288987001
4003 0.5288620083
4017 0.5288209824
4031 0.5288189962
4037 0.5288099341
4059 0.5287589595
4104 0.5287306551
4149 0.5287216979
4172 0.5287180004
4182 0.5287132455
4197 0.5287001863
4204 0.5286938219
4241 0.5286802210
4244 0.5286773574
4272 0.5286735652
4285 0.5286720662
4306 0.5286668465
4389 0.5286647932
4396 0.5286560399
4425 0.5286407702
4486 0.5286401200
4529 0.5286386047
4550 0.5286357049
4560 0.5286346152
4563 0.5286335603
4602 0.5286299911
4645 0.5286290286
4729 0.5286283894
4761 0.5286274211
4802 0.5286263147
4810 0.5286260204
4822 0.5286257446
4861 0.5286252114
4869 0.5286246171
4926 0.5286244229
4934 0.5286238480
4951 0.5286236119
4989 0.5286232743
5000 0.5286276067
evaluations raw_y
1 10.0085239302
11 8.8958917189
13 4.9775528785
97 4.6620088247
228 2.6308400632
2533 2.4422878248
5000 18.8772791964
evaluations raw_y
1 11.5130236924
11 9.3264677334
12 7.2025700760
43 6.8133351735
45 5.1238317586
72 4.0713856595
141 3.5161940093
723 3.3235082644
1786 3.0801770895
2112 2.3844782523
3359 2.3262567000
5000 22.5589237025
evaluations raw_y
1 14.7861275698
3 12.8761716154
6 7.0981907289
11 6.3288630413
12 2.9940125389
154 2.1550844419
1821 1.7156967543
3267 1.6165383884
5000 17.3758334241
evaluations raw_y
1 23.7632288781
2 2.7310489839
2341 2.1221671946
5000 29.8752129192
evaluations raw_y
1 7.0385185964
21 4.8107525376
24 3.6773356799
161 3.4628332350
196 1.5589628651
3212 1.2250822057
3224 1.1410541412
3263 0.8694950790
3309 0.7489834705
3360 0.7459776273
3366 0.5470572563
3377 0.4966204765
3388 0.4891870318
3452 0.4565470949
3499 0.4046982821
3660 0.4034130308
3663 0.4018556330
3668 0.3595206454
3753 0.3404517953
4104 0.3384480762
4130 0.3370921530
4150 0.3360388481
4158 0.3352247961
4191 0.3345430942
4200 0.3314231261
4224 0.3310132277
4243 0.3302840511
4284 0.3297174178
4291 0.3292278861
4293 0.3269752259
4316 0.3242358267
4393 0.3238620785
4402 0.3237202430
4462 0.3234435889
4491 0.3223137993
4494 0.3221834122
4533 0.3220131229
4558 0.3213944857
4573 0.3212719437
4597 0.3208329834
4606 0.3208014728
4662 0.3206190818
4698 0.3204666252
4733 0.3201159874
4744 0.3201064696
4763 0.3201023098
4769 0.3200860314
4791 0.3199258368
4798 0.3199249696
4807 0.3197987856
4831 0.3197599240
4864 0.3196454577
4888 0.3196193907
4904 0.3195542131
4992 0.3195446850
5000 0.3197328795
evaluations raw_y
1 13.1214594554
2 11.5728251409
3 11.3931583561
4 2.9490547301
129 2.8040071391
985 2.2557816867
2510 1.1697287603
3527 2.2129543365
3572 1.9165482104
3607 1.7605113451
3664 1.5060762443
3670 1.0652747974
3705 1.0584371158
3777 0.9230892936
3793 0.6547174630
4288 0.6407748038
4289 0.6277403156
4327 0.5828086774
4423 0.5483519077
4450 0.5207621292
4479 0.5116206090
4491 0.4580196922
4535 0.4567176290
4577 0.4427926327
4802 0.4414925933
4845 0.4407240062
4853 0.4356466094
4873 0.4262573964
4972 0.4239094357
5000 0.4338224139
evaluations raw_y
1 12.4083389612
7 10.5019137038
9 6.9690443872
20 4.7742552333
114 4.2521362664
176 4.1064913652
493 3.8058989713
720 2.4039312941
2755 1.9833483695
5000 21.2975169170
evaluations raw_y
1 10.5105448820
2 9.6981782560
5 4.6138606707
38 4.2188840498
55 4.2023802655
165 3.6512201863
1152 2.9429940640
1937 1.9091312401
2071 1.7928469592
5000 16.5948127550
