evaluations raw_y
1 12.0030687447
5000 0.0000000000
evaluations raw_y
1 8.5627075006
5 6.8532656301
5000 0.0000000000
evaluations raw_y
1 9.1929936462
5000 0.0000000000
evaluations raw_y
1 8.1397096049
6 6.6664344176
5000 0.0000000000
evaluations raw_y
1 27.0548832594
2 14.8885864479
4 12.6487849406
5000 0.0000000000
evaluations raw_y
1 13.8567741185
5 9.2428120050
5000 11.1886009234
evaluations raw_y
1 14.1361668623
6 12.9236092664
11 8.6513256180
13 5.6746289497
5000 0.0000000000
evaluations raw_y
1 26.0212961055
2 22.3602766348
3 12.0057705150
5000 0.0000000000
evaluations raw_y
1 6.8497206296
5000 9.8623862329
evaluations raw_y
1 18.2614833298
4 13.7319752320
7 12.3300407269
8 8.1125721596
23 2.8011247175
5000 21.9183729494
evaluations raw_y
1 18.9070062417
2 2.3762098200
5000 21.1001331740
evaluations raw_y
1 12.0713108964
2 4.9223704229
5000 17.5871050562
evaluations raw_y
1 21.0030863799
4 11.7858207903
5 10.4116125925
5000 0.0000000000
evaluations raw_y
1 5.6186904997
5000 30.7167848197
evaluations raw_y
1 7.7480747211
5000 0.0000000000
evaluations raw_y
1 5.2015601849
5000 0.0000000000
evaluations raw_y
1 4.4689139450
5000 0.0000000000
evaluations raw_y
1 22.0859608733
2 15.8554718930
3 6.4011306573
5000 0.0000000000
evaluations raw_y
1 3.3858551752
5000 23.5191186623
evaluations raw_y
1 13.4934884229
5000 0.0000000000
