evaluations raw_y
1 8.0841707014
5000 0.0000000000
evaluations raw_y
1 25.0132818090
2 16.0558519681
3 10.7321504067
5 9.3412761732
6 10.6191999881
7 7.4702176050
5000 10.6142294696
evaluations raw_y
1 16.8751302509
2 14.5856190116
3 9.5072736353
5 8.4624616179
8 7.0806938765
9 6.9180070904
15 6.6714606903
5000 13.5670174467
evaluations raw_y
1 13.3466089658
2 6.2570243610
5000 0.0000000000
evaluations raw_y
1 17.0930123409
2 15.0544151412
5 13.2624688544
8 4.8264877382
158 3.5840252075
159 2.1501115763
5000 0.0000000000
evaluations raw_y
1 23.6008004400
2 8.1654778072
5000 0.0000000000
evaluations raw_y
1 22.3849861433
2 13.4928202251
6 9.8271645051
18 9.1868566044
21 3.7768970675
5000 0.0000000000
evaluations raw_y
1 13.8850920507
5000 0.0000000000
evaluations raw_y
1 17.2363337642
2 16.0973566873
3 7.6551059709
5000 0.0000000000
evaluations raw_y
1 16.5351672056
3 5.0831100873
5000 0.0000000000
evaluations raw_y
1 14.3900702627
2 10.0246690083
5000 0.0000000000
evaluations raw_y
1 6.4538130293
5000 0.0000000000
evaluations raw_y
1 21.3805283152
3 11.7008581670
4 8.1981374601
5000 0.0000000000
evaluations raw_y
1 14.3605609211
3 5.8476233414
5 5.9380456725
5000 0.0000000000
evaluations raw_y
1 28.8460608305
2 2.6185839518
5000 0.0000000000
evaluations raw_y
1 15.1221658989
5000 0.0000000000
evaluations raw_y
1 10.6692218737
2 7.7097044177
5000 0.0000000000
evaluations raw_y
1 15.2368192980
2 11.7447517750
4 8.1366288132
8 9.2566705000
9 7.1596606197
5000 0.0000000000
evaluations raw_y
1 8.8608888946
2 7.9875382610
4 7.6956606491
5000 0.0000000000
evaluations raw_y
1 10.8922685870
2 5.3855367272
5000 0.0000000000
