evaluations raw_y
1 8.0725668595
2 7.7744401018
4 7.3309779127
22 7.3254756923
26 4.3337965496
71 2.6546617109
2075 1.7386951278
4409 1.3312809442
4426 1.0916083310
4878 0.9766309855
5034 0.9306576583
5045 0.7801224979
5362 0.7421296163
5423 0.7239225085
5448 0.7187771952
5453 0.6336639077
5479 0.6299005085
5487 0.6227430778
5539 0.6159384111
5558 0.5989563660
5569 0.5806260106
5628 0.5652108044
5675 0.5339486467
5860 0.5275226085
5927 0.5255365319
5928 0.5218419113
5951 0.5177426075
6024 0.5159472470
6029 0.5144952469
6084 0.5000815303
6122 0.4977690649
6161 0.4822394140
6340 0.4792613914
6363 0.4736027185
6573 0.4727641379
6612 0.4725288623
6621 0.4700054568
6639 0.4670720629
6652 0.4663215712
6686 0.4627230765
6718 0.4610498549
6818 0.4597819851
6876 0.4590781648
6899 0.4589167587
6939 0.4563564412
7011 0.4561915419
7055 0.4555287293
7173 0.4542446120
7223 0.4541563931
7318 0.4541326307
7331 0.4539512551
7342 0.4535585621
7369 0.4531159566
7415 0.4531064825
7431 0.4528972263
7486 0.4520366140
7691 0.4519797815
7699 0.4519242459
7728 0.4519121713
7733 0.4518542794
7762 0.4515640737
7863 0.4514787239
7906 0.4514268794
8082 0.4514023260
8170 0.4513882273
8242 0.4513668248
8299 0.4513356514
8417 0.4513146470
8419 0.4513136967
8496 0.4513098937
8690 0.4512800677
8831 0.4512788254
8952 0.4512688438
9031 0.4512643943
9098 0.4512642847
9156 0.4512638769
9171 0.4512620149
9204 0.4512577191
9240 0.4512545337
9246 0.4512507351
9321 0.4512428439
9627 0.4512411779
9752 0.4512395891
9822 0.4512392694
9831 0.4512389086
9983 0.4512388998
9997 0.4512387060
10027 0.4512386130
10073 0.4512383927
10098 0.4512364003
10277 0.4512360207
10568 0.4512359616
10615 0.4512358921
10664 0.4512358495
10685 0.4512357061
10728 0.4512353943
10980 0.4512353805
11003 0.4512350290
11073 0.4512349928
11104 0.4512349011
11149 0.4512347036
11455 0.4512346213
11524 0.4512345754
11641 0.4512345527
11697 0.4512345494
11721 0.4512345196
11724 0.4512344299
12222 0.4512344254
12223 0.4512344232
12226 0.4512344221
12276 0.4512344153
12371 0.4512344134
12380 0.4512344051
12547 0.4512344040
12579 0.4512344035
12668 0.4512343996
12801 0.4512343993
12845 0.4512343982
12855 0.4512343961
13018 0.4512343955
13022 0.4512343950
13149 0.4512343945
13284 0.4512343943
13510 0.4512343938
13519 0.4512343934
13593 0.4512343926
13653 0.4512343925
13767 0.4512343923
13791 0.4512343921
13902 0.4512343918
14096 0.4512343916
14114 0.4512343915
14348 0.4512343913
14765 0.4512343912
50000 0.4512343912
evaluations raw_y
1 25.0375471018
2 12.9533141456
3 11.0336023087
4 9.0286928384
16 6.6330102574
20 7.9941496712
21 5.1939061716
61 2.9317445452
107 2.1886058400
4331 2.1990058901
4411 2.0398895395
4520 1.9653064796
4553 1.9130778848
4603 1.9060145396
4642 1.8312303821
4655 1.7910418747
4731 1.7068341711
4849 1.6360369647
4900 1.4470283713
5062 1.4277336685
5115 1.3957709554
5376 1.3346324969
5528 1.3225554805
5666 1.3043446792
5734 1.2929078806
5921 1.2913290796
6123 1.2903753875
6199 1.2859711344
6484 1.2835448775
6533 1.2831531610
6565 1.2824739135
6588 1.2823339048
6594 1.2820195852
6609 1.2811559931
6715 1.2810717688
6839 1.2804306043
6894 1.2800724162
6977 1.2799111378
7003 1.2796622983
7017 1.2795362531
7200 1.2795318060
7238 1.2794138014
7266 1.2793691797
7272 1.2793637198
7318 1.2791747322
7493 1.2791594172
7623 1.2791559621
7751 1.2791121033
7781 1.2790541207
7807 1.2790219725
7962 1.2790002414
8006 1.2789620336
8043 1.2789498498
8147 1.2789455801
8394 1.2789369437
8535 1.2789318448
8580 1.2789241397
8827 1.2789201510
8958 1.2789199867
8966 1.2789185942
8971 1.2789155666
9003 1.2789105340
9156 1.2789100258
9175 1.2789095814
9213 1.2789093773
9267 1.2789082201
9334 1.2789078344
9363 1.2789076476
9374 1.2789072819
9407 1.2789072713
9427 1.2789068996
9601 1.2789065024
9842 1.2789064813
10072 1.2789063246
10157 1.2789062889
10170 1.2789061078
10822 1.2789060665
10948 1.2789060357
11163 1.2789060341
11202 1.2789059933
11277 1.2789059836
11449 1.2789059607
11674 1.2789059581
11763 1.2789059577
11768 1.2789059574
11777 1.2789059564
11842 1.2789059546
11921 1.2789059512
12153 1.2789059506
12211 1.2789059504
12345 1.2789059503
12400 1.2789059501
12408 1.2789059500
12412 1.2789059488
12571 1.2789059485
12669 1.2789059483
12770 1.2789059482
12802 1.2789059480
12965 1.2789059479
13540 1.2789059477
17457 1.2789059476
50000 1.2789059476
evaluations raw_y
1 13.7540103613
4 11.8581397636
5 9.9130001491
7 6.5318769018
79 5.6137774929
97 5.8118014051
114 3.5560960334
987 2.3968389708
1424 2.2512014046
4539 1.8272450349
7761 1.6557431004
7885 1.5011454851
7887 1.4828262034
7921 1.3936035735
8030 1.3415140009
8044 1.2829061807
8096 1.2693976396
8128 1.1056423847
8250 1.0586007739
8396 1.0455939236
8439 1.0093795876
8440 0.9783720721
8523 0.9095859077
8540 0.8989195743
8559 0.8372144631
8590 0.8010194841
8731 0.7982222717
8809 0.7771212428
8837 0.7653463794
8861 0.7512649408
8868 0.7502903948
8878 0.7353174227
8999 0.7083733489
9140 0.7060129002
9177 0.6978650221
9202 0.6969138194
9246 0.6944414239
9261 0.6896491401
9273 0.6881188762
9288 0.6718509204
9626 0.6712926267
9775 0.6703464058
9807 0.6675420054
10058 0.6658093098
10161 0.6651054792
10184 0.6633774428
10450 0.6625334736
10536 0.6623389064
10537 0.6617108735
10818 0.6612907820
11204 0.6612536852
11215 0.6610809520
11414 0.6610737786
11427 0.6610452356
11479 0.6610392903
11603 0.6610069837
11618 0.6609881813
11657 0.6609805777
11732 0.6609599274
11762 0.6609577100
11840 0.6609323279
12173 0.6609288267
12223 0.6609287018
12306 0.6608996257
12448 0.6608982816
12451 0.6608974446
12482 0.6608963610
12529 0.6608911225
12588 0.6608906504
12771 0.6608899861
12803 0.6608896506
12840 0.6608892995
12884 0.6608880815
12910 0.6608878093
12951 0.6608877778
12964 0.6608846779
13129 0.6608844882
13234 0.6608844848
13310 0.6608842384
13386 0.6608838181
13390 0.6608831627
13533 0.6608828985
13729 0.6608828783
13733 0.6608827946
13802 0.6608823771
14103 0.6608822511
14141 0.6608822178
14235 0.6608822045
14352 0.6608821640
14404 0.6608821505
14408 0.6608821304
14553 0.6608821271
14555 0.6608821041
14622 0.6608820909
14624 0.6608820822
14651 0.6608820507
14700 0.6608820490
14766 0.6608820451
14813 0.6608820257
14849 0.6608820209
14867 0.6608820151
14950 0.6608820053
14962 0.6608820041
14976 0.6608820027
14977 0.6608819980
14999 0.6608819977
15013 0.6608819971
15040 0.6608819886
15057 0.6608819845
15113 0.6608819796
15163 0.6608819794
15221 0.6608819746
15241 0.6608819708
15326 0.6608819696
15345 0.6608819681
15396 0.6608819611
15428 0.6608819609
15453 0.6608819600
15500 0.6608819587
15513 0.6608819562
15535 0.6608819534
15686 0.6608819517
15737 0.6608819500
15817 0.6608819496
15988 0.6608819494
16058 0.6608819493
16090 0.6608819484
16245 0.6608819482
16369 0.6608819479
16482 0.6608819478
16562 0.6608819477
16638 0.6608819475
16874 0.6608819474
17165 0.6608819473
50000 0.6608819473
evaluations raw_y
1 26.2440552541
2 11.0259475673
4 8.9101480818
7 9.5938353980
13 8.8150595765
23 4.8213446741
72 3.4013597931
164 2.6876473357
411 1.9200505142
4802 1.5731193046
5179 1.3593397457
5316 1.2094706201
5505 0.8884527786
5749 0.8477267830
5761 0.7366719908
5902 0.7283743319
5945 0.6977058972
6076 0.6282264455
6093 0.6205419713
6126 0.5730822571
6144 0.5298951260
6208 0.5038151709
6211 0.4965970712
6276 0.4846565438
6544 0.4796748935
6586 0.4651816291
6607 0.4607957019
6624 0.4547578558
6727 0.4476676798
6808 0.4373783130
6855 0.4270312113
6887 0.4204329165
6966 0.4165753501
7026 0.4154564429
7123 0.4149146932
7159 0.4114527790
7363 0.4102487457
7369 0.4093684366
7396 0.4089163253
7404 0.4025306821
7446 0.4004234037
7466 0.4001194301
7484 0.3976430612
7505 0.3961705317
7623 0.3958388693
7663 0.3958268925
7694 0.3953222574
7714 0.3952626213
7719 0.3945884641
7723 0.3943218764
7724 0.3937414696
7725 0.3930859148
7749 0.3919724690
7811 0.3908463491
7921 0.3900376404
8074 0.3898331187
8145 0.3897747591
8195 0.3891732590
8698 0.3888490920
8820 0.3888473178
8830 0.3888002912
8858 0.3885157997
8941 0.3884992662
9006 0.3884531903
9134 0.3883563995
9244 0.3883309615
9309 0.3883247728
9489 0.3882536264
9504 0.3882162287
9531 0.3881567517
9566 0.3881142391
9666 0.3880698426
9691 0.3880333269
9769 0.3879749722
10071 0.3879730585
10082 0.3879691561
10126 0.3879661010
10146 0.3879579612
10167 0.3879500462
10203 0.3879341526
10268 0.3878973282
10286 0.3878964596
10392 0.3877855510
10493 0.3877268774
10501 0.3876356850
10563 0.3875617443
10614 0.3874752771
10651 0.3874275430
10662 0.3874234958
10749 0.3872278487
10766 0.3872217153
10768 0.3871537465
10788 0.3871254138
10789 0.3870878393
10838 0.3869006917
10857 0.3868959085
10900 0.3868917920
10901 0.3867911390
10922 0.3866804252
10924 0.3865511547
11027 0.3862286340
11038 0.3861992210
11114 0.3861428968
11171 0.3860721194
11184 0.3859701403
11268 0.3859206479
11293 0.3859021427
11352 0.3857909274
11546 0.3857899370
11643 0.3857798335
11646 0.3857717582
11764 0.3857555603
11895 0.3857539487
12080 0.3857526208
12089 0.3857486952
12114 0.3857484619
12118 0.3857418920
12203 0.3857396273
12273 0.3857364882
12305 0.3857356832
12375 0.3857353028
12385 0.3857347452
12460 0.3857335751
12476 0.3857324869
12483 0.3857319421
12495 0.3857314869
12509 0.3857307389
12519 0.3857302523
12529 0.3857300081
12541 0.3857281215
12569 0.3857251152
12628 0.3857247779
12682 0.3857246548
12753 0.3857239298
12837 0.3857239123
12873 0.3857235994
12880 0.3857234500
12912 0.3857234072
13042 0.3857226856
13163 0.3857225375
13366 0.3857225322
13399 0.3857223537
13442 0.3857220933
13509 0.3857218787
13552 0.3857218123
13710 0.3857218122
13818 0.3857217643
13911 0.3857217561
13942 0.3857216630
13950 0.3857215554
13960 0.3857214423
14102 0.3857214217
14125 0.3857214000
14185 0.3857213579
14199 0.3857213491
14252 0.3857213213
14388 0.3857212996
15090 0.3857212984
15099 0.3857212980
15122 0.3857212947
15167 0.3857212928
15175 0.3857212925
15269 0.3857212884
15296 0.3857212845
15404 0.3857212834
15412 0.3857212826
15441 0.3857212825
15586 0.3857212819
15647 0.3857212798
15842 0.3857212787
15888 0.3857212785
15927 0.3857212777
16019 0.3857212776
16052 0.3857212767
16257 0.3857212764
16299 0.3857212763
16455 0.3857212760
16695 0.3857212758
17097 0.3857212757
50000 0.3857212756
evaluations raw_y
1 10.2638184892
3 11.7064542170
7 4.8956200842
55 3.4488474753
254 2.4185146815
3023 1.7545201436
5169 1.5309843803
5400 1.2919578115
5568 1.2835400997
5675 1.1461760526
5894 0.7413960124
6240 0.7104655402
6281 0.6856316256
6289 0.6596547265
6364 0.6533372237
6401 0.5985663532
6451 0.5911943604
6461 0.5877372144
6483 0.5869404913
6493 0.5513796778
6555 0.5441520215
6571 0.5197605325
6635 0.5019653300
6670 0.4985277748
6688 0.4438764592
7048 0.4414883865
7128 0.4355479015
7181 0.4351207239
7205 0.4322345630
7246 0.4304925641
7318 0.4281444452
7357 0.4272085263
7381 0.4172111823
7521 0.4164978716
7568 0.4164477843
7600 0.4154528729
7623 0.4149441389
7690 0.4146151742
7729 0.4133052018
7765 0.4124724825
7811 0.4118502175
7827 0.4114492783
7863 0.4103654221
7911 0.4099914165
7932 0.4092816622
7945 0.4086315144
7993 0.4085935584
8070 0.4081470935
8178 0.4077476099
8183 0.4075788858
8245 0.4073326845
8329 0.4072645034
8404 0.4067127236
8448 0.4065839057
8458 0.4065148567
8460 0.4060514825
8494 0.4054876819
8606 0.4052865613
8679 0.4052011237
8793 0.4048286068
8844 0.4047400929
8891 0.4047271571
8895 0.4047154074
8923 0.4043937147
9047 0.4043696299
9060 0.4042790115
9153 0.4042589258
9315 0.4042468032
9527 0.4042242847
9601 0.4041974522
9607 0.4041659269
9646 0.4041647080
9915 0.4041543428
10007 0.4041484479
10029 0.4041426568
10055 0.4041417500
10097 0.4041355056
10118 0.4041331251
10140 0.4041328871
10142 0.4041270672
10165 0.4041212275
10193 0.4041006414
10201 0.4040989577
10250 0.4040968180
10263 0.4040919017
10279 0.4040715890
10291 0.4040657230
10307 0.4040560620
10324 0.4040278224
10351 0.4040200257
10357 0.4040090772
10371 0.4039877555
10384 0.4039833282
10401 0.4039742014
10430 0.4039635504
10445 0.4039502528
10469 0.4039269505
10587 0.4039197315
10642 0.4039184649
10680 0.4039179671
10684 0.4039145538
10694 0.4039136351
10710 0.4039118619
10715 0.4039086588
10736 0.4039049825
10741 0.4039035258
10753 0.4038998352
10792 0.4038981686
10852 0.4038934957
10887 0.4038929280
10888 0.4038925985
10901 0.4038894564
10938 0.4038828276
11000 0.4038814370
11116 0.4038811721
11300 0.4038799948
11322 0.4038749667
11385 0.4038741762
11575 0.4038736120
11601 0.4038733624
11647 0.4038727713
11659 0.4038718023
11679 0.4038715349
11694 0.4038705262
11704 0.4038681265
11727 0.4038644325
11885 0.4038641173
11897 0.4038628676
11925 0.4038628572
12019 0.4038628208
12048 0.4038626585
12050 0.4038618563
12113 0.4038617497
12157 0.4038616445
12176 0.4038615071
12206 0.4038607643
12340 0.4038604070
12377 0.4038604038
12450 0.4038602001
12470 0.4038601798
12496 0.4038601763
12589 0.4038599835
12651 0.4038598722
12681 0.4038597451
12706 0.4038596711
12750 0.4038594529
12963 0.4038594435
13007 0.4038593739
13110 0.4038593094
13203 0.4038592759
13253 0.4038592567
13382 0.4038592457
13513 0.4038592320
13701 0.4038592260
13732 0.4038592252
13785 0.4038592241
13829 0.4038592221
13869 0.4038592205
13887 0.4038592190
13908 0.4038592188
13981 0.4038592164
14108 0.4038592154
14141 0.4038592146
14287 0.4038592140
14433 0.4038592136
14976 0.4038592134
15044 0.4038592133
15235 0.4038592132
15504 0.4038592130
50000 0.4038592130
evaluations raw_y
1 9.7999047784
8 9.5291362025
12 6.6281188749
33 6.4003886099
88 5.9762903685
129 4.5714545984
147 3.7672545335
224 3.5176411877
428 3.8390027869
442 3.8055057572
465 2.6836479600
2306 2.4149261005
3645 2.0318757003
9300 1.8499211018
11906 1.6089196278
12117 1.5502406083
12516 1.4716906480
12756 1.4584238506
12778 1.4490287481
12808 1.4344539941
12912 1.4244383728
13054 1.3982529924
13292 1.3921961440
13558 1.3845682267
14133 1.3833393770
14149 1.3814728650
14169 1.3800582256
14178 1.3786397148
14411 1.3783119919
14449 1.3764766695
14576 1.3760574645
14591 1.3754818757
14601 1.3738899639
14714 1.3738201945
14745 1.3730671406
14842 1.3724430022
15007 1.3723117545
15015 1.3719085289
15116 1.3717146902
15235 1.3715004006
15286 1.3711416616
15486 1.3711059326
15491 1.3710487511
15500 1.3708993697
15525 1.3708304828
15617 1.3706405890
15710 1.3706220742
15778 1.3705906707
15823 1.3705596781
15835 1.3705267722
15895 1.3705061038
15926 1.3704174814
16029 1.3704117503
16056 1.3703595265
16117 1.3703255520
16352 1.3703109065
16539 1.3703107246
16614 1.3703099759
16725 1.3703021577
16828 1.3703004776
16877 1.3702808817
17019 1.3702724153
17090 1.3702706110
17129 1.3702681058
17233 1.3702633323
17331 1.3702606329
17340 1.3702551557
17454 1.3702544983
17485 1.3702405429
18055 1.3702403891
18499 1.3702400024
18634 1.3702394353
18659 1.3702392341
18741 1.3702391188
18816 1.3702390877
18853 1.3702390153
18952 1.3702388268
19156 1.3702388214
19175 1.3702387341
19318 1.3702386640
19348 1.3702386345
19490 1.3702386232
19541 1.3702385986
19605 1.3702385866
19706 1.3702385820
19872 1.3702385749
19888 1.3702385525
20047 1.3702385465
20089 1.3702385241
20293 1.3702385211
20321 1.3702385106
20436 1.3702385081
20519 1.3702385033
20583 1.3702385031
20600 1.3702385018
20644 1.3702385014
20663 1.3702385001
20729 1.3702384992
20823 1.3702384975
20849 1.3702384963
20902 1.3702384920
20977 1.3702384918
20990 1.3702384910
21042 1.3702384909
21078 1.3702384889
21212 1.3702384886
21309 1.3702384880
21460 1.3702384873
21700 1.3702384872
21750 1.3702384871
21762 1.3702384869
21950 1.3702384865
22414 1.3702384864
22909 1.3702384861
23392 1.3702384860
23692 1.3702384859
24450 1.3702384858
50000 1.3702384857
evaluations raw_y
1 9.8435387982
5 7.1055659019
6 5.2467111714
21 5.0460145886
90 4.3346507074
102 3.4606436896
265 3.1547082595
1165 2.4118382242
3420 1.7947508884
3618 1.6946685877
3660 1.3148121110
3803 1.2525339797
3860 1.2173229939
3904 1.0164550060
3983 0.9173231929
4030 0.8649758644
4203 0.7636041230
4238 0.7015176557
4239 0.6877387433
4251 0.6765427066
4332 0.5993012141
4754 0.5907891402
4761 0.5835649397
4795 0.5709240175
5279 0.5704127952
5444 0.5639290902
5467 0.5593381410
5530 0.5583695027
5569 0.5575248905
5581 0.5547923843
5626 0.5534125884
5687 0.5526819130
5692 0.5476643070
5703 0.5413211925
6033 0.5366863560
6252 0.5350210122
6300 0.5349225660
6370 0.5337450374
6412 0.5322673140
6581 0.5306229880
6615 0.5280594705
6833 0.5271888045
6991 0.5271803078
7001 0.5269493221
7027 0.5262318286
7078 0.5261968475
7115 0.5260665762
7240 0.5258364729
7290 0.5257621861
7401 0.5257539245
7483 0.5255937628
7541 0.5255231722
7640 0.5254986661
7664 0.5253526486
8031 0.5253306983
8145 0.5253052657
8167 0.5253004663
8169 0.5252944223
8212 0.5252279685
8364 0.5252027324
8378 0.5251829624
8605 0.5251818294
8693 0.5251637052
8849 0.5251546436
9170 0.5251526354
9258 0.5251494684
9378 0.5251479039
9418 0.5251446524
9891 0.5251441735
9937 0.5251432883
10230 0.5251430682
10252 0.5251430557
10283 0.5251427984
10299 0.5251427231
10389 0.5251425347
10469 0.5251423831
10632 0.5251423771
10675 0.5251422710
10766 0.5251420951
10996 0.5251419849
11218 0.5251419575
11299 0.5251419239
11403 0.5251419121
11424 0.5251417860
11615 0.5251417504
11782 0.5251417149
12518 0.5251417129
12523 0.5251417080
12536 0.5251417079
12550 0.5251417051
12565 0.5251417035
12611 0.5251416977
12701 0.5251416949
12747 0.5251416942
12799 0.5251416926
12841 0.5251416907
12846 0.5251416847
12859 0.5251416840
12941 0.5251416764
13558 0.5251416758
13765 0.5251416756
13852 0.5251416755
13963 0.5251416754
14026 0.5251416753
14126 0.5251416751
14244 0.5251416749
50000 0.5251416749
evaluations raw_y
1 12.0866285452
3 11.6512839183
6 11.2530316179
7 10.4459981610
8 6.6303519466
18 5.7741314765
41 5.7391512497
191 2.9000475473
386 2.5104176812
3682 2.2192572585
4422 2.0778158571
10867 1.7884535528
10897 1.6121646910
10929 0.8805077748
11081 0.8718464096
11123 0.7636056270
11150 0.6925273048
11310 0.6554393304
11370 0.6386494723
11385 0.6348099302
11420 0.6060415958
11454 0.5774173642
11484 0.5305770730
11497 0.4480842456
11501 0.3781706376
11573 0.3359893107
11587 0.2878851484
11846 0.2320337832
12186 0.2311874090
12434 0.2237952999
12488 0.2224018870
12781 0.2187165047
12967 0.2152907471
13004 0.2149462793
13075 0.2145202776
13106 0.2138689777
13241 0.2129801924
13244 0.2123731832
13357 0.2119734189
13371 0.2117602275
13500 0.2117324054
13526 0.2098511410
13598 0.2074107618
13976 0.2064594099
14219 0.2062083969
14368 0.2055418905
14467 0.2054127321
14653 0.2052841610
14742 0.2052331911
14809 0.2051800001
14815 0.2050300459
14853 0.2049193731
14904 0.2049146369
14920 0.2048631669
14923 0.2047315936
14989 0.2046878319
15009 0.2045801028
15057 0.2043449684
15140 0.2043326655
15144 0.2041396731
15214 0.2041383981
15257 0.2040903857
15320 0.2040107248
15323 0.2038676645
15369 0.2037763708
15527 0.2036836658
15646 0.2036726918
15697 0.2036628258
15736 0.2036474387
15745 0.2036012725
15766 0.2035815695
15858 0.2035656655
15956 0.2035495654
15957 0.2035067283
16008 0.2034724373
16315 0.2034724202
16358 0.2034690682
16387 0.2034580694
16483 0.2034566667
16499 0.2034562758
16507 0.2034511580
16641 0.2034464714
16736 0.2034396808
16841 0.2034391121
16843 0.2034382229
16962 0.2034377526
17010 0.2034368056
17011 0.2034354983
17028 0.2034338906
17055 0.2034322944
17128 0.2034321625
17198 0.2034307690
17321 0.2034306241
17365 0.2034292471
17432 0.2034292376
17446 0.2034288087
17490 0.2034285796
17537 0.2034284427
17550 0.2034284644
17558 0.2034283054
17624 0.2034280270
17625 0.2034279910
17643 0.2034277910
17688 0.2034275366
18027 0.2034274706
18219 0.2034273005
18267 0.2034272714
18433 0.2034270765
18531 0.2034270389
18581 0.2034270246
18662 0.2034270078
18678 0.2034269690
18897 0.2034269467
18934 0.2034269192
18991 0.2034269159
18998 0.2034268253
19159 0.2034267331
19541 0.2034266873
19624 0.2034266666
19810 0.2034266576
19860 0.2034266431
19901 0.2034266223
19952 0.2034266136
20004 0.2034266132
20005 0.2034266125
20079 0.2034266077
20080 0.2034266034
20233 0.2034266002
20255 0.2034265955
20294 0.2034265952
20326 0.2034265931
20408 0.2034265916
20490 0.2034265873
20528 0.2034265859
20551 0.2034265812
20637 0.2034265795
20836 0.2034265786
20843 0.2034265768
20939 0.2034265765
21025 0.2034265760
21027 0.2034265754
21143 0.2034265751
21170 0.2034265745
21554 0.2034265744
21613 0.2034265741
21721 0.2034265740
21724 0.2034265738
21800 0.2034265737
21836 0.2034265735
22460 0.2034265734
22883 0.2034265733
50000 0.2034265732
evaluations raw_y
1 4.9166577086
125 4.0147013090
170 3.2010528709
1224 2.3499267496
2434 2.4530244236
10146 2.3590536885
11027 2.2164464023
11276 1.9714414960
11713 1.9049324931
13999 1.5884025163
16379 1.5779767059
16469 1.5676718480
16473 1.5200315242
16758 1.5085941389
16796 1.4968141691
17043 1.4824830447
17272 1.4746328674
17459 1.4724490637
17539 1.4718538278
17548 1.4714552440
17628 1.4701947737
17728 1.4690517429
17747 1.4688799213
17787 1.4672515719
18084 1.4671356665
18177 1.4663183364
18202 1.4662525652
18332 1.4660299339
18389 1.4656673077
18401 1.4654387463
18562 1.4653938981
18658 1.4652577880
18750 1.4651853044
19107 1.4651573471
19137 1.4651412876
19182 1.4650909504
19223 1.4650537000
19451 1.4650472252
19474 1.4650154515
19589 1.4650083173
19912 1.4650057770
20094 1.4650007222
20147 1.4649997546
20563 1.4649995489
20654 1.4649993541
20678 1.4649970311
20879 1.4649961000
20896 1.4649954000
21001 1.4649948647
21002 1.4649945053
21104 1.4649942024
21171 1.4649940425
21368 1.4649940355
21755 1.4649939831
21857 1.4649939512
21860 1.4649939114
21949 1.4649939067
22058 1.4649937893
22488 1.4649937818
22584 1.4649937613
22869 1.4649937571
22910 1.4649937446
23020 1.4649937353
24111 1.4649937344
24318 1.4649937333
50000 1.4649937334
evaluations raw_y
1 11.1772183413
6 9.1179704874
14 7.6212085105
38 6.8095996393
76 4.0699334150
645 3.8469927160
728 3.4942242333
1314 3.1456443614
1426 3.0732233714
1490 2.9325509409
1700 2.1947363457
8041 1.7161894762
8164 1.1054193608
8727 1.1065554822
8814 0.8956048916
8877 0.8261679193
8883 0.7236338143
9090 0.6885203512
9107 0.6450225466
9135 0.5964994099
9193 0.5952461611
9256 0.5949496251
9264 0.5356857715
9312 0.4929537124
9415 0.4295344888
9444 0.3850670804
9859 0.3760883379
9860 0.3750103666
9868 0.3663606620
9895 0.3523055219
9941 0.3456776070
10001 0.3259374083
10129 0.3179526213
10281 0.3120127946
10321 0.3103942631
10411 0.3082708237
10455 0.3076874696
10472 0.3062132801
10520 0.3043441982
10566 0.3037503471
10605 0.3037400820
10622 0.3014569061
10630 0.3013590990
10802 0.3007801965
10841 0.2991742897
10938 0.2989813252
10976 0.2974744669
11010 0.2972944090
11045 0.2966485497
11171 0.2965956237
11202 0.2965454695
11219 0.2963140251
11229 0.2962205786
11246 0.2961783041
11319 0.2956927780
11354 0.2954037323
11371 0.2943475504
11607 0.2943414428
11643 0.2938919424
11652 0.2937327391
11673 0.2933133396
11743 0.2932265376
11775 0.2931297252
11777 0.2929643751
11812 0.2926999846
11884 0.2925184277
11976 0.2923505977
12039 0.2923469949
12044 0.2921936889
12131 0.2920519367
12279 0.2920306484
12408 0.2920266438
12460 0.2920078407
12485 0.2918588885
12745 0.2918426405
12971 0.2918206728
13067 0.2917924750
13071 0.2917719956
13079 0.2917682379
13332 0.2917595749
13483 0.2917580424
13557 0.2917546134
13610 0.2917513292
13632 0.2917501720
13664 0.2917501160
13686 0.2917492949
13722 0.2917457264
13763 0.2917431756
14013 0.2917428878
14024 0.2917421124
14037 0.2917415503
14049 0.2917405535
14140 0.2917404792
14182 0.2917403475
14198 0.2917400121
14296 0.2917394472
14425 0.2917391335
14468 0.2917389476
14620 0.2917389364
14784 0.2917389278
14893 0.2917388177
15251 0.2917387958
15309 0.2917387546
15387 0.2917387391
15488 0.2917387362
15540 0.2917387308
15567 0.2917387292
15607 0.2917387087
15972 0.2917386987
16204 0.2917386975
16316 0.2917386930
16325 0.2917386915
16615 0.2917386909
16644 0.2917386905
16710 0.2917386893
16860 0.2917386891
16995 0.2917386889
17173 0.2917386888
17179 0.2917386886
17304 0.2917386885
17354 0.2917386882
17836 0.2917386881
17935 0.2917386879
50000 0.2917386879
evaluations raw_y
1 16.2064891130
4 13.7363923859
6 7.8337419407
45 8.0137054504
58 6.7211473978
83 6.1629306034
117 3.5604123248
648 3.3489675867
1043 3.0065620026
1442 2.9042474286
1974 2.1603655583
2141 1.8671325279
11517 1.8369695382
11578 1.6391876572
11895 1.6266084051
12083 1.6088877446
12208 1.3227920333
12610 1.2938786216
12898 1.2697348639
12997 1.2471864943
13146 1.2452762425
13253 1.2438085087
13330 1.2429442606
13420 1.2360895791
13463 1.2148621980
13486 1.2141372447
13582 1.2135614675
13583 1.2012915310
13741 1.1991354641
13760 1.1932274150
13941 1.1894187250
14006 1.1887806501
14163 1.1881598417
14171 1.1868971354
14175 1.1860972079
14194 1.1830006266
14334 1.1825389533
14360 1.1823517509
14451 1.1815568692
14579 1.1814191365
14580 1.1807980017
14611 1.1807033929
14648 1.1805801405
14670 1.1800046994
15105 1.1797770516
15140 1.1797684433
15294 1.1796215680
15448 1.1795732239
15502 1.1795029446
15579 1.1794942898
15613 1.1793479422
15756 1.1792678363
15773 1.1792302441
15782 1.1792196755
15824 1.1791681830
15902 1.1790764586
16001 1.1790255349
16104 1.1790092071
16264 1.1789930495
16281 1.1789608645
16521 1.1789429240
16631 1.1789240745
16697 1.1789215251
16847 1.1789165791
17080 1.1789151844
17083 1.1789133309
17542 1.1789131196
17545 1.1789113743
17974 1.1789106183
18210 1.1789104669
18331 1.1789102766
18720 1.1789102427
18722 1.1789101856
19001 1.1789101547
19442 1.1789101413
19579 1.1789101376
19660 1.1789101372
19785 1.1789101339
19953 1.1789101258
20253 1.1789101255
20334 1.1789101244
20468 1.1789101232
20623 1.1789101224
20818 1.1789101219
20828 1.1789101215
21014 1.1789101214
21189 1.1789101210
21699 1.1789101209
50000 1.1789101208
evaluations raw_y
1 32.3340328226
2 16.7547017840
7 15.9005188869
8 14.1604759174
10 13.7481357938
13 11.8352474270
14 7.5578541745
21 6.6831308745
23 4.6566788774
54 3.6988004076
405 3.6650830558
1100 2.5512344632
1185 2.2875035028
1409 1.4332348490
50000 0.8476386289
evaluations raw_y
1 26.3201303582
2 22.4376314142
3 21.0619059005
5 15.1316905346
6 9.5143587860
11 7.4020102421
28 5.5671997974
34 5.6286857664
46 3.1652398634
247 2.9021894994
1075 2.2363257088
1392 1.9773808207
3180 1.7961506870
5773 1.7326715233
5794 1.3280975648
5965 1.2493740851
5975 0.8947832581
6170 0.8563516221
6202 0.8222293830
6203 0.7613621789
6220 0.6930603997
6300 0.6397101226
6354 0.6080944567
6371 0.5885028095
6380 0.5317513821
6496 0.5196239064
6502 0.4478761789
6514 0.4355045593
6532 0.4192387858
6572 0.3641624413
6668 0.3531746635
7006 0.3040711356
7230 0.2919055604
7370 0.2745908327
7441 0.2713064623
7677 0.2616378542
8322 0.2600070734
8500 0.2581769495
8513 0.2554633429
8604 0.2541608992
8765 0.2531826343
8870 0.2528436989
9074 0.2526537623
9189 0.2525671104
9191 0.2520510130
9264 0.2519536391
9322 0.2518859533
9331 0.2517115501
9342 0.2514462415
9362 0.2511905710
9420 0.2510269755
9607 0.2509677566
9681 0.2508144887
9721 0.2507258645
9771 0.2507096928
9791 0.2506707036
9792 0.2505738029
9805 0.2504139453
9849 0.2503106584
9874 0.2500732251
10011 0.2500323417
10101 0.2499984449
10179 0.2499754320
10292 0.2499517831
10388 0.2499430242
10421 0.2499269111
10444 0.2499223567
10466 0.2499213556
10493 0.2499103797
10511 0.2499044721
10557 0.2499022729
10636 0.2499000505
10662 0.2498892120
10735 0.2498820563
10882 0.2498802034
10962 0.2498769303
11023 0.2498754275
11031 0.2498738844
11035 0.2498733026
11046 0.2498727041
11129 0.2498723084
11194 0.2498710274
11202 0.2498664959
11370 0.2498663021
11375 0.2498662766
11404 0.2498657087
11412 0.2498646037
11431 0.2498636827
11478 0.2498631384
11481 0.2498624259
11496 0.2498622603
11622 0.2498620801
11650 0.2498608044
11653 0.2498602771
11710 0.2498600168
11819 0.2498597051
11866 0.2498593704
11885 0.2498590622
11917 0.2498589942
11927 0.2498588215
11944 0.2498584562
11977 0.2498582129
12059 0.2498579252
12101 0.2498568282
12333 0.2498567894
12337 0.2498567721
12358 0.2498566509
12427 0.2498564450
12435 0.2498555705
12697 0.2498554095
12745 0.2498545890
13068 0.2498544876
13096 0.2498544169
13185 0.2498543738
13203 0.2498542681
13293 0.2498541103
13402 0.2498540962
13403 0.2498540441
13496 0.2498539738
13536 0.2498539640
13568 0.2498539612
13579 0.2498539585
13633 0.2498539535
13643 0.2498538469
13780 0.2498538421
13788 0.2498538405
13792 0.2498538302
13848 0.2498538147
13888 0.2498538113
13923 0.2498538089
13924 0.2498538022
13936 0.2498537955
13965 0.2498537779
14094 0.2498537728
14132 0.2498537696
14233 0.2498537691
14400 0.2498537542
14576 0.2498537463
14639 0.2498537445
14685 0.2498537429
14716 0.2498537422
14761 0.2498537420
14784 0.2498537405
14789 0.2498537345
14845 0.2498537330
14871 0.2498537298
14939 0.2498537269
14966 0.2498537226
14976 0.2498537144
15144 0.2498537121
15202 0.2498537117
15217 0.2498537108
15221 0.2498537058
15258 0.2498537050
15364 0.2498537026
15545 0.2498537025
15590 0.2498537023
15592 0.2498537021
15603 0.2498537018
15660 0.2498537011
15734 0.2498537000
15790 0.2498536996
15949 0.2498536994
15966 0.2498536992
16029 0.2498536990
16030 0.2498536985
16204 0.2498536984
16378 0.2498536983
16410 0.2498536981
16484 0.2498536980
16669 0.2498536979
16725 0.2498536977
16979 0.2498536976
17444 0.2498536975
50000 0.2498536974
evaluations raw_y
1 6.5237972991
5 3.7683602444
359 2.5770904148
1228 2.4398510874
2032 2.0477382558
8713 1.5634854393
17161 1.5611682594
17177 1.5010012958
17376 1.4956777660
17381 1.4880091867
17425 1.4144884443
17444 1.3768985209
17663 1.3554849506
17736 1.3497028988
17747 1.3457430832
17823 1.3333864170
17895 1.3212008637
17914 1.3063367866
17978 1.3041135989
17984 1.2907543163
17998 1.2636722581
18459 1.2623560711
18852 1.2620886047
18913 1.2620195017
18940 1.2618255166
18964 1.2611943613
18984 1.2609165381
19071 1.2607787738
19076 1.2605559283
19133 1.2603174402
19140 1.2597532571
19162 1.2589698498
19214 1.2588128957
19297 1.2584618875
19431 1.2577274372
19446 1.2573738465
19621 1.2564871585
20372 1.2563844411
20431 1.2563001598
20507 1.2562906222
20546 1.2562094504
20609 1.2561938094
20653 1.2561729235
20734 1.2561377433
20745 1.2560911747
20764 1.2560103279
20799 1.2558904576
20821 1.2557938130
20853 1.2556933328
20931 1.2556870324
20959 1.2556602163
20985 1.2556518701
21001 1.2556416193
21050 1.2555961915
21060 1.2555463510
21081 1.2555215663
21163 1.2554801163
21239 1.2553796993
21386 1.2553667984
21415 1.2553495192
21445 1.2552779750
21719 1.2552650039
21788 1.2552595070
21841 1.2552576512
21842 1.2552409182
21922 1.2552407569
21999 1.2552343149
22038 1.2552206902
22133 1.2552194909
22193 1.2552182306
22221 1.2552047845
22292 1.2551971399
22568 1.2551922613
22614 1.2551846540
22642 1.2551845784
22645 1.2551663823
22709 1.2551607794
22721 1.2551589035
22724 1.2551514790
22784 1.2551338416
22952 1.2551219934
23123 1.2551182364
23184 1.2551167848
23216 1.2551137999
23217 1.2551113118
23290 1.2551094625
23338 1.2550960151
23536 1.2550944222
23572 1.2550904953
23677 1.2550892351
23685 1.2550863373
23947 1.2550860703
23973 1.2550858879
24074 1.2550854318
24182 1.2550846201
24206 1.2550845650
24207 1.2550845401
24220 1.2550843372
24245 1.2550832783
24249 1.2550832555
24334 1.2550830197
24348 1.2550827789
24378 1.2550819352
24393 1.2550811713
24469 1.2550809927
24557 1.2550800582
24594 1.2550792394
24737 1.2550792026
24766 1.2550791249
24774 1.2550778622
24879 1.2550777844
24963 1.2550777541
25013 1.2550776058
25032 1.2550774491
25047 1.2550774443
25050 1.2550774243
25092 1.2550773604
25137 1.2550767083
25195 1.2550764723
25237 1.2550763248
25286 1.2550759090
25360 1.2550757021
25535 1.2550756607
25593 1.2550746270
25741 1.2550744588
25811 1.2550743918
25959 1.2550740473
26015 1.2550740171
26177 1.2550739615
26206 1.2550738629
26259 1.2550737883
26334 1.2550737578
26377 1.2550737033
26427 1.2550733473
26672 1.2550733291
26702 1.2550731182
26856 1.2550730493
26905 1.2550729617
26926 1.2550728824
26980 1.2550726701
27181 1.2550725924
27523 1.2550725763
27564 1.2550725563
27613 1.2550725329
27692 1.2550725119
27768 1.2550724876
29645 1.2550724869
29677 1.2550724835
29689 1.2550724819
29761 1.2550724790
29773 1.2550724780
29778 1.2550724647
29822 1.2550724632
29901 1.2550724512
30118 1.2550724510
30119 1.2550724432
30174 1.2550724411
30182 1.2550724409
30202 1.2550724281
30205 1.2550724271
30235 1.2550724221
30299 1.2550724214
30324 1.2550724144
30366 1.2550724071
30367 1.2550724034
30393 1.2550724021
30405 1.2550723917
30465 1.2550723795
30492 1.2550723759
30509 1.2550723694
30521 1.2550723623
30602 1.2550723622
30677 1.2550723587
30706 1.2550723580
30766 1.2550723575
30813 1.2550723551
30854 1.2550723549
30883 1.2550723546
30894 1.2550723536
30919 1.2550723529
30958 1.2550723520
31010 1.2550723510
31126 1.2550723490
31186 1.2550723486
31244 1.2550723482
31246 1.2550723480
31286 1.2550723477
31291 1.2550723463
31403 1.2550723452
31458 1.2550723447
31481 1.2550723439
31601 1.2550723429
31819 1.2550723421
32129 1.2550723418
32300 1.2550723417
32383 1.2550723416
50000 1.2550723416
evaluations raw_y
1 11.6494592263
16 11.6185387295
20 10.5089798813
31 6.0266848065
137 4.2252409596
322 3.7196227174
647 3.6847876268
680 2.5286022590
1716 2.1111945655
6830 1.0870450524
6832 1.0321051901
6872 0.9784893564
6887 0.9691645329
7038 0.8449957569
7469 0.7605797660
7706 0.7397945535
7723 0.7290893601
7725 0.7114900134
7749 0.6732350574
7873 0.6598464481
7888 0.6487472243
7905 0.6388494226
8161 0.6319982202
8279 0.6176997336
8378 0.6169268796
8409 0.6139199439
8437 0.6097989052
8522 0.6067241869
8531 0.6062620806
8599 0.6026596228
8604 0.6018086407
8620 0.5968113577
8636 0.5945426515
8646 0.5934737206
8648 0.5877589051
8679 0.5858010218
8721 0.5836655783
8747 0.5787552705
8753 0.5767888069
8781 0.5765497310
8809 0.5731830196
8872 0.5711080135
8988 0.5702223444
8994 0.5691871792
8999 0.5690240288
9099 0.5687308069
9132 0.5685866786
9175 0.5679818965
9192 0.5668559012
9209 0.5661328721
9351 0.5638345479
9729 0.5638152827
9730 0.5635071140
9735 0.5634629180
9793 0.5634634129
9838 0.5634277367
9892 0.5632621412
9951 0.5631860442
9959 0.5629540434
10074 0.5629399115
10125 0.5627652877
10291 0.5627453427
10323 0.5623554159
10544 0.5623494999
10563 0.5622934748
10584 0.5622744126
10689 0.5622128596
10771 0.5621882292
10917 0.5621476793
11005 0.5620911880
11253 0.5620861141
11307 0.5620644056
11404 0.5620447715
11661 0.5620402097
11683 0.5620401666
11721 0.5620353743
11743 0.5620271048
11813 0.5620244438
11864 0.5620233136
11994 0.5620204673
12032 0.5620184443
12052 0.5620174928
12062 0.5620154081
12065 0.5620127943
12141 0.5620099456
12209 0.5620022961
12263 0.5620014819
12284 0.5619987333
12489 0.5619939004
12949 0.5619934539
13012 0.5619933872
13083 0.5619933440
13136 0.5619930953
13225 0.5619929699
13281 0.5619923489
13355 0.5619921975
13382 0.5619921966
13392 0.5619918740
13648 0.5619918440
13673 0.5619918241
13782 0.5619916803
13807 0.5619916809
13948 0.5619916614
14023 0.5619915684
14151 0.5619915532
14169 0.5619915514
14251 0.5619914566
14380 0.5619914066
14449 0.5619913921
14528 0.5619913699
14544 0.5619913321
14729 0.5619913072
14891 0.5619912961
14976 0.5619912896
15019 0.5619912814
15020 0.5619912812
15025 0.5619912758
15045 0.5619912756
15049 0.5619912753
15052 0.5619912646
15094 0.5619912606
15097 0.5619912537
15255 0.5619912535
15293 0.5619912516
15421 0.5619912509
15480 0.5619912482
15516 0.5619912476
15550 0.5619912471
15562 0.5619912468
15593 0.5619912454
15620 0.5619912444
15866 0.5619912424
15993 0.5619912422
16565 0.5619912420
16831 0.5619912417
16857 0.5619912414
16877 0.5619912412
16938 0.5619912411
17091 0.5619912410
17127 0.5619912407
17576 0.5619912406
18028 0.5619912405
50000 0.5619912404
evaluations raw_y
1 21.3869058372
2 5.4003158027
79 3.9580915658
314 3.8713771611
408 2.5492439682
3752 1.6294585742
7380 1.5936690765
7414 1.4383349287
7503 1.3859211762
7504 1.1913750864
7523 1.0857129438
7546 0.8767940143
7603 0.7648108994
7683 0.6759294005
7710 0.6200685870
7729 0.6195785589
7830 0.6049796709
7857 0.5452137628
7906 0.5302384220
7947 0.5022306256
7964 0.4541589142
8045 0.4366529627
8340 0.4302530616
8367 0.3943923466
8432 0.3938640178
8495 0.3813420034
8556 0.3796332399
8711 0.3603995815
8728 0.3575196182
8841 0.3574774351
8930 0.3559355636
8976 0.3489610252
9034 0.3457180951
9100 0.3371309525
9109 0.3269868393
9549 0.3254793476
9619 0.3251064530
9654 0.3217957837
9806 0.3196153922
10207 0.3192687619
10253 0.3190523605
10256 0.3188269002
10284 0.3186499938
10301 0.3185811048
10336 0.3184966182
10367 0.3180242507
10457 0.3180231173
10558 0.3176810086
10636 0.3176280750
10643 0.3175944029
10839 0.3175199338
10866 0.3173742076
10933 0.3171955932
11119 0.3171609793
11122 0.3171374279
11204 0.3171190360
11260 0.3171173952
11326 0.3171038829
11407 0.3170908406
11606 0.3170892086
11618 0.3170365113
11930 0.3170335858
11952 0.3170297980
12095 0.3170168608
12510 0.3170098240
12601 0.3170085348
12921 0.3170075156
12988 0.3170069696
13009 0.3170063838
13059 0.3170058435
13138 0.3170055413
13286 0.3170055387
13292 0.3170053309
13318 0.3170050678
13415 0.3170045891
13480 0.3170045414
13596 0.3170044753
13613 0.3170044214
13638 0.3170042152
13722 0.3170042041
13768 0.3170041090
13769 0.3170040763
13872 0.3170040559
13886 0.3170040494
13914 0.3170039512
14054 0.3170039021
14284 0.3170038972
14369 0.3170038838
14423 0.3170038828
14467 0.3170038785
14493 0.3170038674
14535 0.3170038644
14560 0.3170038600
14608 0.3170038491
14638 0.3170038281
15006 0.3170038272
15285 0.3170038262
15314 0.3170038246
15347 0.3170038208
15387 0.3170038202
15428 0.3170038146
15667 0.3170038137
15775 0.3170038135
15852 0.3170038123
16093 0.3170038121
16332 0.3170038118
16411 0.3170038116
16451 0.3170038114
17051 0.3170038113
17323 0.3170038112
50000 0.3170038111
evaluations raw_y
1 21.8833275142
3 18.3475099030
4 14.8135063827
6 8.1008273756
42 7.5611902330
50 2.2937719420
2567 1.9746028581
3099 1.6561701863
6095 1.5821858199
6141 1.1227525201
6149 1.0872592961
6202 0.9929193433
6251 0.9256720038
6344 0.8328224233
6362 0.7953463847
6367 0.6488505906
6415 0.6270688712
6472 0.5450135568
6502 0.5267854705
6540 0.4609532925
6597 0.4283014159
6761 0.3907045704
6821 0.3868232757
6855 0.3729445910
6919 0.3487760630
6955 0.3465999757
7153 0.3318170576
7403 0.3305476215
7534 0.3303818316
7577 0.3278309790
7593 0.3189266823
7918 0.3188056524
7948 0.3179695948
7995 0.3136848492
8019 0.3092350813
8164 0.3069195649
8189 0.3066463787
8201 0.3062099483
8204 0.3051670475
8319 0.3032692897
8361 0.3031974585
8364 0.2992910603
8444 0.2984561415
8507 0.2984481726
8534 0.2952826671
8682 0.2911866768
8733 0.2901450284
8816 0.2897009389
8927 0.2889364164
8968 0.2888845139
8976 0.2879121028
9079 0.2862055418
9184 0.2859805874
9359 0.2844655924
9454 0.2832408536
10219 0.2832144837
10250 0.2831881375
10283 0.2831362188
10350 0.2830248498
10395 0.2830240092
10413 0.2830179558
10453 0.2829935196
10481 0.2829084903
10483 0.2828154875
10553 0.2827823680
10581 0.2827387835
10634 0.2827256221
10671 0.2827144703
10675 0.2827107660
10735 0.2826670183
10764 0.2825985858
10886 0.2825812504
10940 0.2825737446
10948 0.2825646317
10991 0.2825536780
10998 0.2825507777
11017 0.2825083860
11057 0.2824704600
11092 0.2824581000
11142 0.2824544636
11165 0.2824450279
11213 0.2824429550
11217 0.2824388713
11295 0.2824318727
11345 0.2824188210
11422 0.2824167450
11483 0.2824133002
11521 0.2824101255
11563 0.2824072751
11656 0.2824071185
11687 0.2824060921
11717 0.2824057395
11738 0.2824031170
11782 0.2824010748
11841 0.2824003688
11924 0.2823994501
11935 0.2823967150
11995 0.2823965649
12005 0.2823956436
12061 0.2823934119
12104 0.2823932991
12133 0.2823931847
12192 0.2823923359
12375 0.2823913324
12388 0.2823911279
12584 0.2823907739
12635 0.2823904916
12790 0.2823903403
13061 0.2823898753
13068 0.2823897592
13122 0.2823897016
13170 0.2823896068
13273 0.2823894908
13334 0.2823892644
13348 0.2823891870
13485 0.2823890657
13607 0.2823890175
13645 0.2823889052
13771 0.2823887619
13977 0.2823887196
14336 0.2823887090
14581 0.2823887080
14674 0.2823886858
14722 0.2823886828
14867 0.2823886768
14936 0.2823886695
14993 0.2823886666
15076 0.2823886612
15172 0.2823886589
15315 0.2823886524
15609 0.2823886521
15659 0.2823886500
15697 0.2823886485
15971 0.2823886473
15977 0.2823886459
15988 0.2823886458
15998 0.2823886456
16015 0.2823886454
16075 0.2823886426
16333 0.2823886422
16370 0.2823886412
16621 0.2823886410
16772 0.2823886409
16947 0.2823886408
17184 0.2823886407
17718 0.2823886406
50000 0.2823886406
evaluations raw_y
1 22.8200542058
2 9.5533611019
8 9.5337220086
12 8.0457002620
26 6.6225507289
89 4.1334289926
98 3.2744218017
1009 3.0863237701
1980 2.9127725427
2325 2.5208184015
2543 1.5056205754
4074 1.4029256618
6739 1.0145520283
6831 0.6889161216
7200 0.5792971119
7308 0.5593743085
7328 0.5290388373
7330 0.5150917322
7346 0.5055579332
7441 0.4914605063
7498 0.4579707810
7730 0.4566012538
7768 0.4400682068
7810 0.4389662467
7815 0.4368982082
7853 0.4298894098
7943 0.4290888141
7944 0.4241353495
7963 0.4155333479
8010 0.4110512805
8024 0.4097033043
8038 0.4084072431
8151 0.4050607385
8339 0.4047380417
8342 0.4032541605
8419 0.4014738297
8469 0.3996220463
8577 0.3988626865
8696 0.3974528937
8729 0.3962234594
8744 0.3953579195
8987 0.3939067203
9308 0.3938257330
9505 0.3938113692
9536 0.3936041991
9611 0.3935735651
9613 0.3935741947
9657 0.3934286645
9711 0.3933874454
9770 0.3931916886
9780 0.3927726505
9928 0.3927372089
9930 0.3926572496
10053 0.3926552867
10076 0.3926234563
10093 0.3925721430
10170 0.3924099825
10318 0.3923770844
10375 0.3923490579
10385 0.3922474011
10483 0.3922306902
10683 0.3922021196
10879 0.3921974658
10905 0.3921898591
10991 0.3921873307
11034 0.3921858085
11044 0.3921807002
11113 0.3921786084
11166 0.3921764374
11214 0.3921761794
11230 0.3921698999
11343 0.3921684244
11669 0.3921673561
11689 0.3921667033
11725 0.3921655487
11749 0.3921644632
11802 0.3921640135
11947 0.3921634487
12132 0.3921633236
12163 0.3921632065
12194 0.3921629056
12262 0.3921624591
12362 0.3921617018
12482 0.3921612399
12597 0.3921611154
12618 0.3921609493
12750 0.3921608285
12911 0.3921607564
12969 0.3921606896
13001 0.3921602391
13499 0.3921602349
13551 0.3921602208
13614 0.3921601672
13617 0.3921601022
13629 0.3921600872
13674 0.3921600500
13818 0.3921600387
13884 0.3921600096
13893 0.3921599739
13897 0.3921599453
14023 0.3921599281
14052 0.3921598921
14129 0.3921598819
14275 0.3921598686
14303 0.3921598467
14336 0.3921598235
14372 0.3921598064
14460 0.3921597928
14754 0.3921597899
14764 0.3921597884
14817 0.3921597873
14819 0.3921597711
14922 0.3921597648
14940 0.3921597471
15034 0.3921597297
15425 0.3921597294
15439 0.3921597292
15447 0.3921597231
15462 0.3921597128
15480 0.3921597082
15711 0.3921597076
15802 0.3921597068
15893 0.3921597033
16036 0.3921597028
16059 0.3921597011
16292 0.3921597007
16327 0.3921597003
16340 0.3921597001
16405 0.3921596999
16441 0.3921596997
16579 0.3921596994
16615 0.3921596988
16716 0.3921596986
16761 0.3921596985
16767 0.3921596980
16801 0.3921596978
16887 0.3921596977
17068 0.3921596974
17368 0.3921596973
18941 0.3921596972
50000 0.3921596971
evaluations raw_y
1 22.1748790761
2 15.1124022277
5 11.9883672414
6 9.2961478841
7 2.3533759973
1798 1.8470913235
2141 1.4481716137
7027 1.4179280767
7091 1.3334275888
7146 1.2532401569
7258 1.2252880857
7285 1.2242047070
7326 1.2176183920
7381 1.1691705394
7411 1.1343678461
7490 1.1049718816
7675 1.0951287706
7700 1.0914992302
7804 1.0802246659
8045 1.0789911340
8048 1.0732811929
8129 1.0555786816
8334 1.0549929434
8393 1.0533747235
8450 1.0504742050
8655 1.0477048801
8822 1.0474471838
9093 1.0471617273
9110 1.0470071567
9158 1.0463526801
9208 1.0459720303
9260 1.0452135714
9883 1.0451210301
9892 1.0450115136
9977 1.0449993279
10061 1.0449969553
10127 1.0449547570
10258 1.0449373187
10277 1.0449301088
10293 1.0449178486
10392 1.0449000111
10444 1.0448937355
10478 1.0448682942
10858 1.0448660715
11014 1.0448656867
11072 1.0448634395
11102 1.0448608101
11290 1.0448600356
11383 1.0448596199
11531 1.0448585543
11560 1.0448582560
11888 1.0448575898
11971 1.0448573901
12157 1.0448573731
12326 1.0448573551
12328 1.0448572638
12348 1.0448572187
12464 1.0448571585
12791 1.0448571500
12806 1.0448571335
12831 1.0448570781
12990 1.0448570587
13204 1.0448570522
13227 1.0448570497
13272 1.0448570416
13286 1.0448570350
13413 1.0448569954
13746 1.0448569915
13839 1.0448569893
13859 1.0448569862
13906 1.0448569631
14810 1.0448569618
14932 1.0448569614
15320 1.0448569609
15473 1.0448569607
15968 1.0448569606
16420 1.0448569605
50000 1.0448569604
evaluations raw_y
1 16.3061454979
2 11.8416570735
3 9.7803594643
4 6.9568029146
112 6.5354413304
130 4.8853288261
148 4.2824267214
160 3.5035134116
165 3.2927574761
1015 3.2754081437
1667 2.0076481062
6108 1.6758370547
6784 1.5170815838
6909 1.3546124962
6947 1.2558328669
6970 1.2337062115
6993 1.1658624649
7023 1.1019886892
7025 0.9439054339
7054 0.9217438826
7075 0.8525211871
7092 0.8427457271
7115 0.8318996035
7195 0.7954842719
7269 0.7891422855
7450 0.7725976802
7473 0.7541946563
7483 0.7327989602
7685 0.7243008845
7706 0.7206119949
7730 0.7184517855
7765 0.7102304769
7767 0.7082099846
7795 0.6876344354
7947 0.6840245257
7978 0.6814065573
8081 0.6787544290
8149 0.6713805002
8252 0.6654186365
8324 0.6650138397
8447 0.6616545972
8465 0.6610461845
8508 0.6593642345
8542 0.6585925168
8870 0.6584113860
8883 0.6583410217
8894 0.6576432196
9044 0.6571343867
9082 0.6570036856
9127 0.6560942369
9424 0.6560329744
9572 0.6560143163
9616 0.6557813042
9857 0.6557776472
9902 0.6556992233
10063 0.6556898961
10082 0.6556627809
10141 0.6556627133
10333 0.6556509687
10444 0.6556364979
10479 0.6556210090
10510 0.6556133760
10663 0.6556118589
10703 0.6555872035
11000 0.6555839003
11107 0.6555769276
11125 0.6555752695
11212 0.6555745644
11232 0.6555740741
11244 0.6555732881
11282 0.6555729634
11320 0.6555694138
11420 0.6555691937
11443 0.6555680659
11448 0.6555666871
11496 0.6555665906
11511 0.6555661778
11523 0.6555645564
12400 0.6555642492
12412 0.6555642011
12450 0.6555639338
12625 0.6555639335
12854 0.6555637781
13043 0.6555637270
13134 0.6555636952
13452 0.6555636829
13497 0.6555636725
13768 0.6555636568
13805 0.6555636367
14082 0.6555636352
14103 0.6555636346
14117 0.6555636335
14203 0.6555636331
14209 0.6555636324
14266 0.6555636313
14344 0.6555636291
14447 0.6555636287
14638 0.6555636284
14655 0.6555636281
14774 0.6555636279
14958 0.6555636275
15133 0.6555636274
15255 0.6555636273
16071 0.6555636272
50000 0.6555636272
