evaluations raw_y
1 19.2857202337
2 15.5109076074
3 3.3959311724
69 2.9833928194
3201 3.0448037253
5000 2.4589142412
evaluations raw_y
1 11.0887627278
5 3.1806177239
606 2.7953150059
1708 2.6954655810
5000 0.9914387298
evaluations raw_y
1 19.7204968054
2 14.0075375507
4 11.4019885569
10 4.7457997912
37 1.3190814901
5000 2.7730232324
evaluations raw_y
1 21.8952692959
2 18.5980510724
3 15.4753279892
4 6.8655837469
36 5.7066965755
108 5.5354214147
130 5.4940952667
437 3.6604014820
639 3.1704830107
1328 2.5777649724
2089 2.3728466542
2714 2.3369672101
2744 2.1807793431
2758 2.1517730331
2845 2.1093522568
2857 2.1086474796
2992 2.1060213105
3008 2.0992227621
3011 2.0856575466
3019 2.0757151141
3038 2.0750851368
3050 2.0685234556
3063 2.0667173539
3111 2.0632829977
3132 2.0630353886
3143 2.0629651113
3165 2.0629243568
3191 2.0625972636
3207 2.0625023774
3214 2.0623494681
3228 2.0619988070
3247 2.0617274505
3256 2.0615940336
3270 2.0615614498
3348 2.0615576772
3404 2.0615335805
3432 2.0615106346
3438 2.0615082540
3458 2.0614878220
3479 2.0614667208
3494 2.0614450107
3503 2.0614357108
3531 2.0614211803
3544 2.0614153085
3545 2.0614000096
3558 2.0613308160
3565 2.0613238415
3570 2.0613183036
3580 2.0612960637
3606 2.0612920978
3616 2.0612837012
3642 2.0612792308
3645 2.0612775680
3651 2.0612757875
3662 2.0612725560
3677 2.0612722352
3685 2.0612706744
3707 2.0612697588
3709 2.0612694340
3763 2.0612677611
3764 2.0612662441
3767 2.0612643460
3808 2.0612636958
3819 2.0612634682
3875 2.0612630836
3878 2.0612629915
3881 2.0612626081
3894 2.0612624745
3895 2.0612608806
4052 2.0612606788
4067 2.0612603259
4085 2.0612597100
4100 2.0612592806
4116 2.0612590393
4124 2.0612589399
4135 2.0612588289
4137 2.0612587692
4142 2.0612585897
4163 2.0612583576
4228 2.0612581661
4277 2.0612581567
4278 2.0612581493
4279 2.0612581320
4282 2.0612581299
4286 2.0612581245
4291 2.0612581223
4293 2.0612580845
4367 2.0612580723
4375 2.0612580702
4376 2.0612580628
4382 2.0612580492
4398 2.0612580476
4401 2.0612580470
4405 2.0612580459
4407 2.0612580434
4418 2.0612580427
4426 2.0612580411
4431 2.0612580352
4441 2.0612580297
4467 2.0612580261
4478 2.0612580236
4486 2.0612580234
4542 2.0612580227
4549 2.0612580226
4555 2.0612580225
4561 2.0612580221
4572 2.0612580216
4574 2.0612580210
4582 2.0612580191
4592 2.0612580186
4607 2.0612580179
4620 2.0612580173
4622 2.0612580166
4645 2.0612580165
4655 2.0612580161
4668 2.0612580158
4673 2.0612580150
4684 2.0612580147
4685 2.0612580146
4700 2.0612580141
4701 2.0612580135
4705 2.0612580134
4723 2.0612580125
4737 2.0612580123
4757 2.0612580114
4790 2.0612580113
4799 2.0612580109
5000 2.0612580130
evaluations raw_y
1 10.9341146059
2 8.3526777342
15 4.3027039291
88 1.8833200360
3377 1.7812208829
5000 2.2087408048
evaluations raw_y
1 11.6963814437
2 11.6468440291
3 8.1397635812
4 7.5765395852
10 6.2012761020
68 5.7405992143
180 4.6343660547
200 3.2764832686
212 3.3968450144
2045 3.2770548284
2085 2.9444785215
2500 2.6777592016
4798 2.4137928947
5000 15.1194778188
evaluations raw_y
1 14.4553539155
7 12.2350182462
11 11.2791464311
12 8.0827749198
16 8.0553799797
17 5.7891588360
97 5.4229679826
137 3.7140500405
155 2.4921860469
5000 1.4516810026
evaluations raw_y
1 17.8996900746
2 16.3988908482
4 15.2353017999
5 9.2048998861
10 6.8491808974
29 6.5627509035
32 4.7798385559
59 4.0505403029
248 3.4550552478
688 3.1012110283
877 3.4048121065
934 2.2694545993
963 2.2104632326
1163 2.1316215132
1172 1.4227405571
1262 1.4029570456
1312 1.3906280355
1313 1.3872134341
1323 1.3734701644
1328 1.3654351125
1334 1.3562958102
1337 1.3319861283
5000 1.3329723281
evaluations raw_y
1 6.6924522372
193 4.4333711971
271 4.7913999903
296 4.5620872994
357 4.4610365098
359 2.4638306735
5000 1.9516776974
evaluations raw_y
1 6.3716786034
47 6.3355302395
123 5.8650784509
196 2.9626885714
953 2.8915325515
1212 3.6005494446
1219 3.2098240969
1221 3.1445299053
1246 2.4079555190
1299 1.9508711395
1304 1.6677026967
1307 1.5308848494
1381 1.4719114218
1396 1.2368405066
1410 0.9664518107
1422 0.8274684244
1511 0.8101184555
1513 0.7035996824
1521 0.6179132074
1524 0.5678252086
1526 0.5659009597
1791 0.5529802970
1816 0.5494969290
1822 0.5456276136
1823 0.5359667680
1837 0.5355175817
1863 0.5022355869
1953 0.4990160317
1994 0.4937310625
2008 0.4863211394
2016 0.4861669420
2036 0.4776950383
2198 0.4771087731
2214 0.4765803661
2231 0.4764497957
2234 0.4752443998
2253 0.4748961349
2260 0.4744659928
2264 0.4741173906
2277 0.4740425645
2462 0.4739403584
2490 0.4738545280
2544 0.4738444810
2553 0.4738391050
2565 0.4738378144
2571 0.4738076778
2622 0.4737769824
2627 0.4737694114
2649 0.4737248763
2651 0.4737152930
2668 0.4737083608
2673 0.4736893974
2691 0.4736777990
2713 0.4736530249
2729 0.4736407186
2739 0.4736404766
2740 0.4736347182
2742 0.4736163323
2757 0.4736091303
2762 0.4736040973
2766 0.4735872263
2774 0.4735625245
2777 0.4735465216
2805 0.4734617063
2842 0.4733617782
2852 0.4733336304
2855 0.4733257176
2866 0.4732815152
2872 0.4732450524
2887 0.4732299450
2897 0.4730159866
2920 0.4730155466
2921 0.4729384942
2925 0.4728598034
2957 0.4728162566
2996 0.4728109718
3052 0.4728091280
3081 0.4728076534
3116 0.4727943792
3118 0.4727717803
3144 0.4727648664
3171 0.4727641066
3173 0.4727549595
3380 0.4727524509
3435 0.4727513344
3472 0.4727467490
3500 0.4727441695
3509 0.4727416340
3568 0.4727380997
3669 0.4727381458
3673 0.4727369932
3682 0.4727363177
3704 0.4727357752
3711 0.4727354540
3739 0.4727353151
3748 0.4727350420
3752 0.4727349203
3761 0.4727348469
3795 0.4727342885
3808 0.4727342577
3817 0.4727335868
3840 0.4727333890
3842 0.4727333709
3888 0.4727333323
3895 0.4727332828
3898 0.4727327852
3905 0.4727327647
3934 0.4727324514
3945 0.4727324207
3978 0.4727323745
3983 0.4727323666
4000 0.4727323614
4514 0.4727322789
4546 0.4727322498
4554 0.4727321085
4603 0.4727320911
4605 0.4727320793
4630 0.4727320033
4631 0.4727319618
4641 0.4727319478
4650 0.4727319368
4651 0.4727319293
4657 0.4727319228
4660 0.4727319097
4663 0.4727318951
4757 0.4727318900
4768 0.4727318368
4776 0.4727318323
4781 0.4727317449
4798 0.4727317121
4802 0.4727316903
4810 0.4727316840
4821 0.4727316471
4831 0.4727316259
4832 0.4727316082
4837 0.4727315715
4845 0.4727315672
4853 0.4727315508
4885 0.4727315361
4916 0.4727314905
5000 0.4727317681
evaluations raw_y
1 19.2015533505
2 8.4812425741
20 8.2577092891
31 6.6777471761
43 5.2079118940
45 4.7815788179
85 3.1639849709
1813 2.2448558791
1850 1.9924666533
1945 1.9418362955
1971 1.8780486132
2182 1.7872622266
2226 1.7775133386
2270 1.7709842965
2274 1.7516361379
2296 1.7479272857
2310 1.7378930550
2325 1.7330239998
2327 1.7172059411
2382 1.7121661674
2427 1.6971014183
2440 1.6876379830
2474 1.6855229379
2616 1.6489025112
2624 1.5719519956
2627 1.5139990136
2633 1.4554870080
2641 1.4533563193
2662 1.3909412546
2675 1.3846128585
2680 1.3488329706
2701 1.3426932388
2747 1.3204865733
2753 1.2919523278
2770 1.2877392366
2788 1.2676750437
2794 1.2428373098
2798 1.2203461256
2810 1.1949739851
5000 1.1989926247
evaluations raw_y
1 15.3744041108
2 15.0823234469
4 13.3651443639
6 9.0501094013
15 8.5130429861
16 7.2491225304
26 5.6318093493
27 3.4213678034
108 3.2293200173
1295 1.5379566536
3853 1.4419675173
3977 1.3910314278
3994 1.3881544848
4229 1.3842749890
4232 1.3832417000
4259 1.3815959575
4262 1.3783990791
4268 1.3730497963
4275 1.3709142555
4280 1.3698682278
4311 1.3694786045
4322 1.3514616952
4334 1.3501583792
4336 1.3466066661
4340 1.3433465848
4377 1.3412562126
4405 1.3323812093
4420 1.3320708370
4454 1.3303901149
4466 1.3300644214
4469 1.3162781920
4512 1.3132450014
4525 1.3075524439
4528 1.3053519346
4539 1.3017888277
4552 1.2848413994
4562 1.2730316893
4651 1.2714924675
4668 1.2714148512
4713 1.2702634235
4772 1.2701665412
4781 1.2697852087
4784 1.2691248973
4788 1.2687842152
4791 1.2685262444
4806 1.2685135791
4817 1.2669038322
4824 1.2660891919
4827 1.2654508441
4831 1.2650158445
4834 1.2642746755
4840 1.2637271408
4843 1.2629306963
4855 1.2622328693
4856 1.2617233641
4862 1.2610317729
4867 1.2608870581
4931 1.2607725502
5000 1.2702453161
evaluations raw_y
1 33.2062363859
2 9.6021439469
6 7.0146615751
14 5.9570536532
93 5.4041254030
125 4.4804264580
578 3.2451993506
1549 2.5177943602
2675 2.2120726320
2815 1.9914436069
2878 1.6258888061
2880 1.5476419946
3288 1.5030059051
3293 1.4779510725
3327 1.3794978022
3399 1.3718365728
3400 1.3256713334
3406 1.3221714796
3411 1.2978510908
3414 1.2557179107
3432 1.2489988746
3462 1.2128941383
3536 1.2120574797
3616 1.2032640135
3649 1.2013148256
5000 1.2014038324
evaluations raw_y
1 23.0489944447
2 9.6546802894
3 17.8836533920
4 11.6019138875
7 9.7930822199
13 9.5475873303
14 9.0845946635
19 5.6703464688
26 3.7394106196
5000 1.0614991392
evaluations raw_y
1 8.0244790358
6 5.8461594848
18 5.5649969776
19 5.4545760999
99 2.7222481534
823 2.5889997458
870 2.5109353339
871 2.2976196164
885 2.1617683684
891 2.1078554564
993 1.7340559215
1050 1.6921330484
1104 1.5940134143
1131 1.2791918695
1172 1.1564124861
1217 1.1173721578
1220 1.0821370796
1283 1.0440359162
1313 0.9923357731
1315 0.9655487675
1316 0.9636830130
1321 0.9561909337
1322 0.9366824231
1333 0.9304338921
1343 0.8963506361
1354 0.8824598237
1378 0.8716808328
1380 0.8684381317
1392 0.8659836547
1396 0.8643979877
1406 0.8561282090
1413 0.8554158819
1419 0.8495963128
1460 0.8468906464
1467 0.8244212975
1502 0.8202200287
1509 0.8172295422
1530 0.8148991503
1539 0.8110885312
1549 0.8108579818
1557 0.8071016490
1603 0.8048791982
1625 0.8045842523
1633 0.8041482919
1642 0.8034706463
1692 0.8034668375
1707 0.8033095378
1722 0.8031879054
1723 0.8031397919
1733 0.8029468703
1737 0.8027519064
1761 0.8027106883
1773 0.8026957397
1774 0.8026372254
1812 0.8026182811
1875 0.8026102795
1884 0.8026099165
1891 0.8025892203
1902 0.8025884919
1933 0.8025781836
2081 0.8025763069
2134 0.8025746393
2151 0.8025725805
2163 0.8025707505
2169 0.8025682792
2172 0.8025676743
2222 0.8025644768
2257 0.8025640668
2358 0.8025606149
2374 0.8025590444
2399 0.8025577345
2409 0.8025570733
2432 0.8025566131
2656 0.8025565095
2706 0.8025564090
2740 0.8025562805
2746 0.8025562482
2812 0.8025562383
2838 0.8025562336
2932 0.8025562333
2947 0.8025561914
3051 0.8025561891
3071 0.8025561803
3112 0.8025561770
3113 0.8025561538
3132 0.8025561388
3150 0.8025561158
3190 0.8025561124
3192 0.8025561116
3195 0.8025561077
3199 0.8025561016
3233 0.8025560952
3251 0.8025560950
3273 0.8025560925
3291 0.8025560899
3301 0.8025560890
3321 0.8025560886
3324 0.8025560851
3328 0.8025560827
3440 0.8025560806
3441 0.8025560799
3498 0.8025560772
3511 0.8025560741
3595 0.8025560731
3645 0.8025560728
3646 0.8025560722
3655 0.8025560721
3664 0.8025560719
3671 0.8025560713
3682 0.8025560711
3693 0.8025560707
3700 0.8025560705
3701 0.8025560700
3706 0.8025560698
3714 0.8025560694
3724 0.8025560692
3731 0.8025560684
3749 0.8025560683
3753 0.8025560680
3774 0.8025560678
3790 0.8025560677
3799 0.8025560674
3805 0.8025560672
3811 0.8025560670
3816 0.8025560669
3835 0.8025560666
3839 0.8025560664
3844 0.8025560662
3845 0.8025560659
3852 0.8025560658
3858 0.8025560657
3866 0.8025560656
3875 0.8025560654
3885 0.8025560653
3914 0.8025560651
4036 0.8025560650
4111 0.8025560649
4351 0.8025560648
5000 0.8025560648
evaluations raw_y
1 12.0007210430
9 7.5947834173
14 6.6301973470
29 6.3552802003
36 4.7981840218
229 1.3004683145
5000 14.0642119662
evaluations raw_y
1 8.4673745270
17 7.9987255545
24 4.8259402066
403 2.1897158119
2537 1.5194510050
2551 1.3968241778
2562 1.3745169650
2648 1.3213354673
2664 1.3083212491
2674 1.3065282867
2693 1.3048325836
2700 1.2971980934
2704 1.2926669968
2707 1.2918338006
2736 1.2797706257
2759 1.2778476200
2760 1.2766788709
2794 1.2751270885
2796 1.2734116323
2803 1.2709773930
2941 1.2696439092
2974 1.2671102231
3111 1.2670209768
3116 1.2664715419
3121 1.2655876134
3139 1.2653638604
3141 1.2646608936
3165 1.2640486307
3182 1.2630076893
3197 1.2625857694
3201 1.2622509799
3219 1.2620637493
3235 1.2614666921
3247 1.2611311762
3258 1.2604037187
3280 1.2603870380
3284 1.2602076906
3288 1.2601476230
3290 1.2601363936
3295 1.2600000818
3315 1.2599563435
3347 1.2599468059
3356 1.2599102003
3368 1.2598595587
3373 1.2598304858
3441 1.2598159840
3443 1.2598075921
3460 1.2598057782
3465 1.2597828905
3473 1.2597430883
3481 1.2597400404
3510 1.2597326733
3514 1.2597183059
3521 1.2597118281
3544 1.2597107788
3552 1.2597100652
3553 1.2597091328
3587 1.2597063174
3711 1.2597060832
3728 1.2597060392
3738 1.2597060164
3741 1.2597057374
3743 1.2597056897
3748 1.2597055928
3773 1.2597054699
3782 1.2597052242
3795 1.2597050384
3798 1.2597048467
3802 1.2597040992
3814 1.2597038041
3905 1.2597036857
3934 1.2597035971
4084 1.2597031534
4163 1.2597031525
4171 1.2597030809
4212 1.2597030743
4214 1.2597030099
4372 1.2597029243
4958 1.2597029193
4961 1.2597029124
4969 1.2597029090
5000 1.2597029318
evaluations raw_y
1 29.2374038553
3 10.8064602335
12 8.8567699173
14 8.6150363054
23 6.7349673954
48 5.2207388507
49 6.1125838886
54 6.0046457893
186 4.4895800868
229 4.6752692230
313 3.9877107549
785 2.5743593136
1070 2.1679603098
1696 1.8415522700
2290 1.7809674936
2310 1.7464999497
2312 1.7325527023
2316 1.7280579836
2322 1.7075706300
2367 1.6888308871
2410 1.6859048083
2451 1.6780383831
2463 1.6736959640
2472 1.6667199734
2474 1.6623080761
2475 1.6536207551
2510 1.6405473897
2515 1.6340281983
2540 1.6321786212
2546 1.6203449287
2608 1.6190482147
2621 1.6179942184
2638 1.6178402175
2776 1.6163787380
2789 1.6157193464
2800 1.6151355977
2812 1.6149264896
2835 1.6144316641
2849 1.6138389395
2898 1.6135026950
2938 1.6134570484
3163 1.6130670373
3256 1.6128923163
3285 1.6128856438
3298 1.6128832235
3300 1.6127710377
3769 1.6127565776
3783 1.6127477340
3869 1.6127463579
3877 1.6127442774
3915 1.6127385306
3953 1.6127381780
4041 1.6127381618
4062 1.6127373305
4071 1.6127366028
4083 1.6127364100
4091 1.6127363359
4100 1.6127362540
4175 1.6127362194
4187 1.6127361711
4189 1.6127361404
4227 1.6127361252
4239 1.6127360031
4249 1.6127359815
4271 1.6127359178
4328 1.6127359174
4356 1.6127359098
4366 1.6127359073
4370 1.6127359045
4506 1.6127359032
4522 1.6127359029
4562 1.6127359016
4663 1.6127359012
4709 1.6127358996
4736 1.6127358984
4755 1.6127358983
4809 1.6127358982
4860 1.6127358979
4926 1.6127358977
4971 1.6127358974
4994 1.6127358973
5000 1.6127358971
evaluations raw_y
1 12.7479312764
2 10.9499218158
8 6.6313072410
11 3.6014787244
223 3.3509495113
354 3.0741498614
923 2.4620771623
1913 2.0606436662
1935 1.9582909832
1956 1.9279035905
1960 1.8624445419
1961 1.7783052356
2079 1.6942640942
2082 1.5717168810
2191 1.5625840500
2342 1.5605290254
2347 1.5524548425
2368 1.5341272541
2380 1.5265119229
2412 1.5041059764
2416 1.5020134588
2436 1.4968403553
2441 1.4861793385
2449 1.4768347546
2476 1.4364396637
2485 1.4323883994
2496 1.4265747026
2502 1.4242238263
2530 1.4025651701
2582 1.3980340700
2586 1.3954568290
5000 1.3977993459
evaluations raw_y
1 10.5510900481
7 10.5128617196
11 10.3792250387
15 9.6314809809
20 8.0137522353
21 7.1382836948
37 1.9416990126
5000 1.3656421402
