evaluations raw_y
1 14.7830923522
5000 7.7067605257
evaluations raw_y
1 16.9048217931
5000 0.0000000000
evaluations raw_y
1 17.6536660731
4 16.4152335281
5 7.3972837742
5000 0.0000000000
evaluations raw_y
1 23.1613953207
2 19.0474533527
5000 0.0000000000
evaluations raw_y
1 29.1767034583
2 9.9058660454
5000 0.0000000000
evaluations raw_y
1 23.7104620553
5000 0.0000000000
evaluations raw_y
1 21.3485471107
2 6.0531250922
5000 0.0000000000
evaluations raw_y
1 20.6121332478
2 16.4587070501
5000 15.8918650411
evaluations raw_y
1 11.3292568594
5 11.0844885630
6 3.6422174615
5000 0.0000000000
evaluations raw_y
1 30.1853285119
2 23.2089581147
3 16.0186626404
6 8.0577828358
5000 16.3499289077
evaluations raw_y
1 6.7509230970
5000 11.0613499811
evaluations raw_y
1 17.4188755729
2 9.5852919941
7 8.0352331631
11 7.5170231945
5000 23.8282699595
evaluations raw_y
1 17.0722086821
2 4.9428925542
5000 0.0000000000
evaluations raw_y
1 13.3592033901
12 3.0811994410
5000 0.0000000000
evaluations raw_y
1 24.3897293160
3 15.1310625605
4 11.6883808678
13 9.1371608787
5000 21.5257933913
evaluations raw_y
1 9.8033329093
14 7.5197326639
23 7.3415299953
24 4.1788863558
5000 19.6068102305
evaluations raw_y
1 13.8766951804
2 12.6633787787
4 12.0538020780
6 9.7713019397
7 4.9462900014
5000 0.0000000000
evaluations raw_y
1 12.2560002587
5 8.8449148609
5000 0.0000000000
evaluations raw_y
1 9.0658910947
4 3.5704508680
5000 0.0000000000
evaluations raw_y
1 14.5319417768
3 13.1585928950
5000 3.4684894955
