evaluations raw_y
1 25.9314005743
2 6.3522456319
35 5.6249916333
39 5.5359751136
103 4.3142068740
225 3.2905188491
836 3.4438242282
1091 3.3582639778
1776 2.4577445823
2573 2.2417305999
4639 2.4204124120
5000 15.3612973879
evaluations raw_y
1 25.5661218729
2 10.7446858692
4 9.2928339222
12 7.3960263306
15 6.5430020180
30 5.9799866879
46 3.6310382550
339 3.1817391221
574 1.4700985437
5000 14.3117644512
evaluations raw_y
1 14.8692907276
4 12.0015587574
6 9.1225444397
7 4.8477006977
85 4.5125371992
438 3.6493210329
1918 2.9593994578
2437 2.9872822389
3266 2.9857703842
5000 15.6248372974
evaluations raw_y
1 24.4029556481
2 20.2772429516
3 17.9561486180
4 17.5998926931
9 10.6178356750
14 6.0118522022
24 5.4505504504
27 4.1944783266
271 4.1276177834
449 3.2841220982
1405 2.4274585300
4686 2.0457457519
5000 6.5045525411
evaluations raw_y
1 15.6238023069
2 10.7283961858
9 10.3566754175
14 8.3580399495
29 5.0728607414
68 4.4713628694
139 4.2190330477
150 2.7535734870
2467 2.3857342182
3109 2.1128198591
4849 0.8979125191
5000 0.8292870521
evaluations raw_y
1 35.5167367368
2 11.7610202810
3 11.0429983148
9 7.2239069994
19 4.2199272676
133 3.3119833529
829 3.1497445247
895 2.9009349673
1399 2.6691605078
1731 1.9270111177
3071 1.8409303188
3237 1.5382264003
3310 1.3715448649
3459 1.2633541067
3503 1.1776129355
3521 0.9947957797
3574 0.9854741391
3619 0.9579893548
3739 0.8519333262
3777 0.8431213434
3794 0.8409554310
3800 0.8350484584
3819 0.7308630549
3827 0.6947129978
3914 0.6244532442
4171 0.6205740578
4215 0.5818290470
4320 0.5778515628
4322 0.5758453508
4369 0.5611377853
4379 0.5297912008
4506 0.5134248745
4513 0.5001153212
4555 0.4738992837
4654 0.4663640839
4712 0.4599446627
4718 0.4353986204
4761 0.4315743298
4763 0.4272425974
4776 0.4249251814
4796 0.4217748242
4826 0.4115477938
4911 0.4062127051
4927 0.4048986735
4952 0.3954037472
5000 0.4532359681
evaluations raw_y
1 14.3996254070
2 12.2539287573
8 7.4769795132
33 4.8562395261
214 3.9503647182
298 3.8254260898
344 3.7736364816
1403 2.8529233491
1475 2.6801130735
1566 2.0745305125
3744 1.9228932764
5000 10.9810409889
evaluations raw_y
1 11.7853140982
3 9.1302196569
21 9.0250624291
37 8.6769088284
42 8.1884711612
48 4.6052948255
93 3.7122447584
178 3.2075623319
196 2.3854963573
494 1.9823478429
3369 1.7836265430
5000 11.8442473947
evaluations raw_y
1 17.7141356263
2 9.9793887942
6 6.7482566877
54 6.2946810195
64 5.5238705632
141 2.7386628273
993 1.9562466432
4229 1.0599928469
5000 8.2145367658
evaluations raw_y
1 18.9508805850
4 16.6654809180
8 5.0156282152
143 3.7801823035
195 3.5997155571
1145 3.2884116971
1331 2.4199347620
3606 2.4562333385
3772 2.2768537583
5000 12.9898364106
evaluations raw_y
1 24.3817195104
2 22.4143334723
3 13.4928146799
5 6.5802011226
12 6.1713264905
28 5.5112601493
217 4.0547620227
307 3.7211058370
798 3.5469324997
1060 2.4925196608
2817 1.8105893920
5000 10.3685755690
evaluations raw_y
1 3.5208960384
360 3.2543354445
448 2.9380078860
715 2.5890295061
1093 2.4948403841
3735 1.6928128998
4167 1.5533224326
4455 1.2499628986
4538 1.2397799842
4564 1.2312173042
4590 1.0481433186
4659 1.0070990139
4811 0.9989135015
4828 0.8711215053
4986 0.8436205586
4997 0.8397262645
5000 0.9591521423
evaluations raw_y
1 8.7073264018
17 9.5873557617
19 5.8553587440
40 4.3314665949
317 1.8802768410
2311 2.2884763251
2616 2.0955355785
4818 1.7064109466
4991 1.2720715818
5000 29.8100621892
evaluations raw_y
1 15.2782610069
8 6.8295673205
11 6.4060289275
28 6.1754766667
58 5.6607718965
103 5.0207597602
206 2.6530816901
1027 1.9041653803
1799 1.5866592625
2123 1.5115940167
2144 1.3240658122
2156 1.3016526052
2184 0.8912041761
2225 0.8749454888
2255 0.8691758599
2413 0.6525967111
2728 0.6400272421
2760 0.6206277990
2870 0.6118311503
2901 0.5657296709
3004 0.5639473233
3064 0.5408071163
3175 0.5375307321
3230 0.5337831338
3238 0.5186883819
3447 0.5153041454
3531 0.5114875002
3555 0.5076874190
3747 0.5026264164
3825 0.5022522099
3848 0.5004333457
3918 0.5000269658
4108 0.4995175378
4147 0.4958451313
4232 0.4931655465
4271 0.4907970831
4357 0.4900995762
4407 0.4889345362
4459 0.4871383089
4564 0.4867846579
4566 0.4863487194
4775 0.4848305156
4837 0.4846308709
5000 0.4873112854
evaluations raw_y
1 18.0472664696
3 16.9263608749
8 16.6064212809
9 13.8908549720
10 9.7993515165
12 9.6163563223
23 9.2664520737
27 3.6795308914
413 2.3103197889
2609 1.4512694843
4723 0.9101105906
4825 0.8287247926
4827 0.7120655986
5000 1.3202803305
evaluations raw_y
1 15.8180678896
2 13.5298226597
3 12.3431647007
4 7.4834407712
9 4.7739397603
133 4.4807137345
277 3.4882465602
1461 2.4328688575
1921 2.8545800149
4115 2.6222605143
4145 2.2018481970
4152 1.9988797337
5000 24.1551468761
evaluations raw_y
1 16.1954196596
5 7.2815505685
22 6.2836995712
37 3.3675766523
165 3.5626218049
567 3.1561952375
604 2.7158383579
5000 7.6865300385
evaluations raw_y
1 23.3961270781
2 15.5495466911
3 13.4456425522
5 8.0720229522
8 7.4772655885
27 7.0258786986
31 5.6727312308
45 3.2205908827
364 3.2854664508
1674 2.7520548456
2214 2.1816403253
5000 12.8144690061
evaluations raw_y
1 14.1164146219
5 12.4523069201
9 11.1275521507
16 8.8068068383
18 8.4360390902
21 4.8109903581
26 4.5804426609
136 4.1145428757
311 3.7760910673
1599 3.1223093067
2001 2.8501354098
2150 2.6981400554
5000 11.3357952832
evaluations raw_y
1 14.9615276500
3 9.2039718568
18 7.9518734200
21 4.2271153820
125 3.1297343740
128 2.9063566394
132 1.6216565457
3058 1.9332446478
4513 1.9144051251
4515 1.7139861215
4590 1.1131134801
4958 1.0966219688
5000 2.2962256117
